index,glir,qo,qt,wc,ch,gor
1,54.2,165,359,3.99,465.86,16064.24
2,54.2,165,359,3.99,465.86,16064.24
3,54.2,165,359,3.99,465.86,16064.24
4,54.2,165,359,3.99,465.86,16064.24
5,54.2,165,359,3.99,465.86,16064.24
6,54.2,165,359,3.99,465.86,16064.24
7,54.2,165,359,3.99,465.86,16064.24
8,54.2,165,359,3.99,465.86,16064.24
9,54.2,165,359,3.99,465.86,16064.24
10,54.2,165,359,3.99,465.86,16064.24
11,54.2,165,359,3.99,465.86,16064.24
12,54.2,165,359,3.99,465.86,16064.24
13,54.2,165,359,3.99,465.86,16064.24
14,54.2,165,359,3.99,465.86,16064.24
15,54.2,165,359,3.99,465.86,16064.24
16,54.2,165,359,3.99,465.86,16064.24
17,54.2,165,359,3.99,465.86,16064.24
18,54.2,165,359,3.99,465.86,16064.24
19,54.2,165,359,3.99,465.86,16064.24
20,54.2,165,359,3.99,465.86,16064.24
21,54.2,165,359,3.99,465.86,16064.24
22,54.2,165,359,3.99,465.86,16064.24
23,54.2,165,359,3.99,465.86,16064.24
24,54.2,165,359,3.99,465.86,16064.24
25,54.2,165,359,3.99,465.86,16064.24
26,54.2,165,359,3.99,465.86,16064.24
27,54.2,165,359,3.99,465.86,16064.24
28,54.2,165,359,3.99,465.86,16064.24
29,54.2,165,359,3.99,465.86,16064.24
30,54.2,165,359,3.99,465.86,16064.24
31,54.2,165,359,3.99,465.86,16064.24
32,54.2,165,359,3.99,465.86,16064.24
33,54.2,165,359,3.99,465.86,16064.24
34,54.2,165,359,3.99,465.86,16064.24
35,54.2,139.73,333.73,3.99,705,20346.38
36,54.2,139.73,333.73,3.99,705,20346.38
37,54.2,139.73,333.73,3.99,705,20346.38
38,54.2,139.73,333.73,3.99,705,20346.38
39,54.2,139.73,333.73,3.99,705,20346.38
40,54.2,139.73,333.73,3.99,705,20346.38
41,54.2,139.73,333.73,3.99,705,20346.38
42,54.2,139.73,333.73,3.99,705,20346.38
43,54.2,139.73,333.73,3.99,705,20346.38
44,54.2,139.73,333.73,3.99,705,20346.38
45,54.2,139.73,333.73,3.99,705,20346.38
46,54.2,139.73,333.73,3.99,705,20346.38
47,54.2,139.73,333.73,3.99,705,20346.38
48,54.2,139.73,333.73,3.99,705,20346.38
49,54.2,139.73,333.73,3.99,705,20346.38
50,54.2,139.73,333.73,3.99,705,20346.38
51,54.2,139.73,333.73,3.99,705,20346.38
52,54.2,139.73,333.73,3.99,705,20346.38
53,54.2,139.73,333.73,3.99,705,20346.38
54,54.2,139.73,333.73,3.99,705,20346.38
55,54.2,139.73,333.73,3.99,705,20346.38
56,54.2,139.73,333.73,3.99,705,20346.38
57,54.2,139.73,333.73,3.99,705,20346.38
58,54.2,139.73,333.73,3.99,705,20346.38
59,54.2,139.73,333.73,3.99,705,20346.38
60,54.2,139.73,333.73,3.99,705,20346.38
61,54.2,139.73,333.73,3.99,705,20346.38
62,54.2,139.73,333.73,3.99,705,20346.38
63,54.2,139.73,333.73,3.99,705,20346.38
64,54.2,139.73,333.73,3.99,705,20346.38
65,54.2,139.73,333.73,3.99,705,20346.38
66,54.2,139.73,333.73,3.99,705,20346.38
67,54.2,139.73,333.73,3.99,705,20346.38
68,54.2,138.9,332.9,3.99,655,21828.65
69,54.2,138.9,332.9,3.99,655,21828.65
70,54.2,138.9,332.9,3.99,655,21828.65
71,54.2,138.9,332.9,3.99,655,21828.65
72,54.2,138.9,332.9,3.99,655,21828.65
73,54.2,138.9,332.9,3.99,655,21828.65
74,54.2,138.9,332.9,3.99,655,21828.65
75,54.2,138.9,332.9,3.99,655,21828.65
76,54.2,138.9,332.9,3.99,655,21828.65
77,54.2,138.9,332.9,3.99,655,21828.65
78,54.2,138.9,332.9,3.99,655,21828.65
79,54.2,138.9,332.9,3.99,655,21828.65
80,54.2,138.9,332.9,3.99,655,21828.65
81,54.2,138.9,332.9,3.99,655,21828.65
82,54.2,138.9,332.9,3.99,655,21828.65
83,54.2,138.9,332.9,3.99,655,21828.65
84,54.2,138.9,332.9,3.99,655,21828.65
85,54.2,138.9,332.9,3.99,655,21828.65
86,54.2,138.9,332.9,3.99,655,21828.65
87,54.2,138.9,332.9,3.99,655,21828.65
88,54.2,138.9,332.9,3.99,655,21828.65
89,54.2,138.9,332.9,3.99,655,21828.65
90,54.2,138.9,332.9,3.99,655,21828.65
91,54.2,138.9,332.9,3.99,655,21828.65
92,54.2,138.9,332.9,3.99,655,21828.65
93,54.2,138.9,332.9,3.99,655,21828.65
94,54.2,138.9,332.9,3.99,655,21828.65
95,54.2,138.9,332.9,3.99,655,21828.65
96,54.2,138.9,332.9,3.99,655,21828.65
97,54.2,138.9,332.9,3.99,655,21828.65
98,54.2,138.9,332.9,3.99,655,21828.65
99,54.2,138.9,332.9,3.99,655,21828.65
100,54.2,138.9,332.9,3.99,655,21828.65
101,54.2,141,335,3.99,790.2,20439.72
102,54.2,141,335,3.99,790.2,20439.72
103,54.2,141,335,3.99,790.2,20439.72
104,54.2,141,335,3.99,790.2,20439.72
105,54.2,141,335,3.99,790.2,20439.72
106,54.2,141,335,3.99,790.2,20439.72
107,54.2,141,335,3.99,790.2,20439.72
108,54.2,141,335,3.99,790.2,20439.72
109,54.2,141,335,3.99,790.2,20439.72
110,54.2,141,335,3.99,790.2,20439.72
111,54.2,141,335,3.99,790.2,20439.72
112,54.2,141,335,3.99,790.2,20439.72
113,54.2,141,335,3.99,790.2,20439.72
114,54.2,141,335,3.99,790.2,20439.72
115,54.2,141,335,3.99,790.2,20439.72
116,54.2,141,335,3.99,790.2,20439.72
117,54.2,141,335,3.99,790.2,20439.72
118,54.2,141,335,3.99,790.2,20439.72
119,54.2,141,335,3.99,790.2,20439.72
120,54.2,141,335,3.99,790.2,20439.72
121,54.2,141,335,3.99,790.2,20439.72
122,54.2,141,335,3.99,790.2,20439.72
123,54.2,141,335,3.99,790.2,20439.72
124,54.2,141,335,3.99,790.2,20439.72
125,54.2,141,335,3.99,790.2,20439.72
126,54.2,141,335,3.99,790.2,20439.72
127,54.2,141,335,3.99,790.2,20439.72
128,54.2,141,335,3.99,790.2,20439.72
129,54.2,141,335,3.99,790.2,20439.72
130,54.2,141,335,3.99,790.2,20439.72
131,54.2,141,335,3.99,790.2,20439.72
132,54.2,141,335,3.99,790.2,20439.72
133,54.2,141,335,3.99,790.2,20439.72
134,54.2,141,335,3.99,790.2,20439.72
135,54.2,139.79,333.79,3.99,777,21260.46
136,54.2,139.79,333.79,3.99,777,21260.46
137,54.2,139.79,333.79,3.99,777,21260.46
138,54.2,139.79,333.79,3.99,777,21260.46
139,54.2,139.79,333.79,3.99,777,21260.46
140,54.2,139.79,333.79,3.99,777,21260.46
141,54.2,139.79,333.79,3.99,777,21260.46
142,54.2,139.79,333.79,3.99,777,21260.46
143,54.2,139.79,333.79,3.99,777,21260.46
144,54.2,139.79,333.79,3.99,777,21260.46
145,54.2,139.79,333.79,3.99,777,21260.46
146,54.2,139.79,333.79,3.99,777,21260.46
147,54.2,139.79,333.79,3.99,777,21260.46
148,54.2,139.79,333.79,3.99,777,21260.46
149,54.2,139.79,333.79,3.99,777,21260.46
150,54.2,139.79,333.79,3.99,777,21260.46
151,54.2,139.79,333.79,3.99,777,21260.46
152,54.2,139.79,333.79,3.99,777,21260.46
153,54.2,139.79,333.79,3.99,777,21260.46
154,54.2,139.79,333.79,3.99,777,21260.46
155,54.2,139.79,333.79,3.99,777,21260.46
156,54.2,139.79,333.79,3.99,777,21260.46
157,54.2,139.79,333.79,3.99,777,21260.46
158,54.2,139.79,333.79,3.99,777,21260.46
159,54.2,139.79,333.79,3.99,777,21260.46
160,54.2,139.79,333.79,3.99,777,21260.46
161,54.2,139.79,333.79,3.99,777,21260.46
162,54.2,139.79,333.79,3.99,777,21260.46
163,54.2,139.79,333.79,3.99,777,21260.46
164,54.2,139.79,333.79,3.99,777,21260.46
165,54.2,139.79,333.79,3.99,777,21260.46
166,54.2,139.79,333.79,3.99,777,21260.46
167,54.2,139.79,333.79,3.99,777,21260.46
168,54.2,137.52,331.52,3.99,941.01,19139.03
169,54.2,137.52,331.52,3.99,941.01,19139.03
170,54.2,137.52,331.52,3.99,941.01,19139.03
171,54.2,137.52,331.52,3.99,941.01,19139.03
172,54.2,137.52,331.52,3.99,941.01,19139.03
173,54.2,137.52,331.52,3.99,941.01,19139.03
174,54.2,137.52,331.52,3.99,941.01,19139.03
175,54.2,137.52,331.52,3.99,941.01,19139.03
176,54.2,137.52,331.52,3.99,941.01,19139.03
177,54.2,137.52,331.52,3.99,941.01,19139.03
178,54.2,137.52,331.52,3.99,941.01,19139.03
179,54.2,137.52,331.52,3.99,941.01,19139.03
180,54.2,137.52,331.52,3.99,941.01,19139.03
181,54.2,137.52,331.52,3.99,941.01,19139.03
182,54.2,137.52,331.52,3.99,941.01,19139.03
183,54.2,137.52,331.52,3.99,941.01,19139.03
184,54.2,137.52,331.52,3.99,941.01,19139.03
185,54.2,137.52,331.52,3.99,941.01,19139.03
186,54.2,137.52,331.52,3.99,941.01,19139.03
187,54.2,137.52,331.52,3.99,941.01,19139.03
188,54.2,137.52,331.52,3.99,941.01,19139.03
189,54.2,137.52,331.52,3.99,941.01,19139.03
190,54.2,137.52,331.52,3.99,941.01,19139.03
191,54.2,137.52,331.52,3.99,941.01,19139.03
192,54.2,137.52,331.52,3.99,941.01,19139.03
193,54.2,137.52,331.52,3.99,941.01,19139.03
194,54.2,137.52,331.52,3.99,941.01,19139.03
195,54.2,137.52,331.52,3.99,941.01,19139.03
196,54.2,137.52,331.52,3.99,941.01,19139.03
197,54.2,137.52,331.52,3.99,941.01,19139.03
198,54.2,137.52,331.52,3.99,941.01,19139.03
199,54.2,137.52,331.52,3.99,941.01,19139.03
200,54.2,137.52,331.52,3.99,941.01,19139.03
201,54.2,135.35,329.35,3.99,985,19667.53
202,54.2,135.35,329.35,3.99,985,19667.53
203,54.2,135.35,329.35,3.99,985,19667.53
204,54.2,135.35,329.35,3.99,985,19667.53
205,54.2,135.35,329.35,3.99,985,19667.53
206,54.2,135.35,329.35,3.99,985,19667.53
207,54.2,135.35,329.35,3.99,985,19667.53
208,54.2,135.35,329.35,3.99,985,19667.53
209,54.2,135.35,329.35,3.99,985,19667.53
210,54.2,135.35,329.35,3.99,985,19667.53
211,54.2,135.35,329.35,3.99,985,19667.53
212,54.2,135.35,329.35,3.99,985,19667.53
213,54.2,135.35,329.35,3.99,985,19667.53
214,54.2,135.35,329.35,3.99,985,19667.53
215,54.2,135.35,329.35,3.99,985,19667.53
216,54.2,135.35,329.35,3.99,985,19667.53
217,54.2,135.35,329.35,3.99,985,19667.53
218,54.2,135.35,329.35,3.99,985,19667.53
219,54.2,135.35,329.35,3.99,985,19667.53
220,54.2,135.35,329.35,3.99,985,19667.53
221,54.2,135.35,329.35,3.99,985,19667.53
222,54.2,135.35,329.35,3.99,985,19667.53
223,54.2,135.35,329.35,3.99,985,19667.53
224,54.2,135.35,329.35,3.99,985,19667.53
225,54.2,135.35,329.35,3.99,985,19667.53
226,54.2,135.35,329.35,3.99,985,19667.53
227,54.2,135.35,329.35,3.99,985,19667.53
228,54.2,135.35,329.35,3.99,985,19667.53
229,54.2,135.35,329.35,3.99,985,19667.53
230,54.2,135.35,329.35,3.99,985,19667.53
231,54.2,135.35,329.35,3.99,985,19667.53
232,54.2,135.35,329.35,3.99,985,19667.53
233,54.2,135.35,329.35,3.99,985,19667.53
234,54.2,135.35,329.35,3.99,985,19667.53
235,54.2,137.2,331.2,3.99,1133,19839.65
236,54.2,137.2,331.2,3.99,1133,19839.65
237,54.2,137.2,331.2,3.99,1133,19839.65
238,54.2,137.2,331.2,3.99,1133,19839.65
239,54.2,137.2,331.2,3.99,1133,19839.65
240,54.2,137.2,331.2,3.99,1133,19839.65
241,54.2,137.2,331.2,3.99,1133,19839.65
242,54.2,137.2,331.2,3.99,1133,19839.65
243,54.2,137.2,331.2,3.99,1133,19839.65
244,54.2,137.2,331.2,3.99,1133,19839.65
245,54.2,137.2,331.2,3.99,1133,19839.65
246,54.2,137.2,331.2,3.99,1133,19839.65
247,54.2,137.2,331.2,3.99,1133,19839.65
248,54.2,137.2,331.2,3.99,1133,19839.65
249,54.2,137.2,331.2,3.99,1133,19839.65
250,54.2,137.2,331.2,3.99,1133,19839.65
251,54.2,137.2,331.2,3.99,1133,19839.65
252,54.2,137.2,331.2,3.99,1133,19839.65
253,54.2,137.2,331.2,3.99,1133,19839.65
254,54.2,137.2,331.2,3.99,1133,19839.65
255,54.2,137.2,331.2,3.99,1133,19839.65
256,54.2,137.2,331.2,3.99,1133,19839.65
257,54.2,137.2,331.2,3.99,1133,19839.65
258,54.2,137.2,331.2,3.99,1133,19839.65
259,54.2,137.2,331.2,3.99,1133,19839.65
260,54.2,137.2,331.2,3.99,1133,19839.65
261,54.2,137.2,331.2,3.99,1133,19839.65
262,54.2,137.2,331.2,3.99,1133,19839.65
263,54.2,137.2,331.2,3.99,1133,19839.65
264,54.2,137.2,331.2,3.99,1133,19839.65
265,54.2,137.2,331.2,3.99,1133,19839.65
266,54.2,137.2,331.2,3.99,1133,19839.65
267,54.2,137.2,331.2,3.99,1133,19839.65
268,54.2,138.82,332.82,3.99,1133,21120.88
269,54.2,138.82,332.82,3.99,1133,21120.88
270,54.2,138.82,332.82,3.99,1133,21120.88
271,54.2,138.82,332.82,3.99,1133,21120.88
272,54.2,138.82,332.82,3.99,1133,21120.88
273,54.2,138.82,332.82,3.99,1133,21120.88
274,54.2,138.82,332.82,3.99,1133,21120.88
275,54.2,138.82,332.82,3.99,1133,21120.88
276,54.2,138.82,332.82,3.99,1133,21120.88
277,54.2,138.82,332.82,3.99,1133,21120.88
278,54.2,138.82,332.82,3.99,1133,21120.88
279,54.2,138.82,332.82,3.99,1133,21120.88
280,54.2,138.82,332.82,3.99,1133,21120.88
281,54.2,138.82,332.82,3.99,1133,21120.88
282,54.2,138.82,332.82,3.99,1133,21120.88
283,54.2,138.82,332.82,3.99,1133,21120.88
284,54.2,138.82,332.82,3.99,1133,21120.88
285,54.2,138.82,332.82,3.99,1133,21120.88
286,54.2,138.82,332.82,3.99,1133,21120.88
287,54.2,138.82,332.82,3.99,1133,21120.88
288,54.2,138.82,332.82,3.99,1133,21120.88
289,54.2,138.82,332.82,3.99,1133,21120.88
290,54.2,138.82,332.82,3.99,1133,21120.88
291,54.2,138.82,332.82,3.99,1133,21120.88
292,54.2,138.82,332.82,3.99,1133,21120.88
293,54.2,138.82,332.82,3.99,1133,21120.88
294,54.2,138.82,332.82,3.99,1133,21120.88
295,54.2,138.82,332.82,3.99,1133,21120.88
296,54.2,138.82,332.82,3.99,1133,21120.88
297,54.2,138.82,332.82,3.99,1133,21120.88
298,54.2,138.82,332.82,3.99,1133,21120.88
299,54.2,138.82,332.82,3.99,1133,21120.88
300,54.2,138.82,332.82,3.99,1133,21120.88
301,54.2,134,328,3.99,1133,21955.22
302,54.2,134,328,3.99,1133,21955.22
303,54.2,134,328,3.99,1133,21955.22
304,54.2,134,328,3.99,1133,21955.22
305,54.2,134,328,3.99,1133,21955.22
306,54.2,134,328,3.99,1133,21955.22
307,54.2,134,328,3.99,1133,21955.22
308,54.2,134,328,3.99,1133,21955.22
309,54.2,134,328,3.99,1133,21955.22
310,54.2,134,328,3.99,1133,21955.22
311,54.2,134,328,3.99,1133,21955.22
312,54.2,134,328,3.99,1133,21955.22
313,54.2,134,328,3.99,1133,21955.22
314,54.2,134,328,3.99,1133,21955.22
315,54.2,134,328,3.99,1133,21955.22
316,54.2,134,328,3.99,1133,21955.22
317,54.2,134,328,3.99,1133,21955.22
318,54.2,134,328,3.99,1133,21955.22
319,54.2,134,328,3.99,1133,21955.22
320,54.2,134,328,3.99,1133,21955.22
321,54.2,134,328,3.99,1133,21955.22
322,54.2,134,328,3.99,1133,21955.22
323,54.2,134,328,3.99,1133,21955.22
324,54.2,134,328,3.99,1133,21955.22
325,54.2,134,328,3.99,1133,21955.22
326,54.2,134,328,3.99,1133,21955.22
327,54.2,134,328,3.99,1133,21955.22
328,54.2,134,328,3.99,1133,21955.22
329,54.2,134,328,3.99,1133,21955.22
330,54.2,134,328,3.99,1133,21955.22
331,54.2,134,328,3.99,1133,21955.22
332,54.2,134,328,3.99,1133,21955.22
333,54.2,134,328,3.99,1133,21955.22
334,54.2,134,328,3.99,1133,21955.22
335,54.2,137.26,331.26,3.99,1133,21725.19
336,54.2,137.26,331.26,3.99,1133,21725.19
337,54.2,137.26,331.26,3.99,1133,21725.19
338,54.2,137.26,331.26,3.99,1133,21725.19
339,54.2,137.26,331.26,3.99,1133,21725.19
340,54.2,137.26,331.26,3.99,1133,21725.19
341,54.2,137.26,331.26,3.99,1133,21725.19
342,54.2,137.26,331.26,3.99,1133,21725.19
343,54.2,137.26,331.26,3.99,1133,21725.19
344,54.2,137.26,331.26,3.99,1133,21725.19
345,54.2,137.26,331.26,3.99,1133,21725.19
346,54.2,137.26,331.26,3.99,1133,21725.19
347,54.2,137.26,331.26,3.99,1133,21725.19
348,54.2,137.26,331.26,3.99,1133,21725.19
349,54.2,137.26,331.26,3.99,1133,21725.19
350,54.2,137.26,331.26,3.99,1133,21725.19
351,54.2,137.26,331.26,3.99,1133,21725.19
352,54.2,137.26,331.26,3.99,1133,21725.19
353,54.2,137.26,331.26,3.99,1133,21725.19
354,54.2,137.26,331.26,3.99,1133,21725.19
355,54.2,137.26,331.26,3.99,1133,21725.19
356,54.2,137.26,331.26,3.99,1133,21725.19
357,54.2,137.26,331.26,3.99,1133,21725.19
358,54.2,137.26,331.26,3.99,1133,21725.19
359,54.2,137.26,331.26,3.99,1133,21725.19
360,54.2,137.26,331.26,3.99,1133,21725.19
361,54.2,137.26,331.26,3.99,1133,21725.19
362,54.2,137.26,331.26,3.99,1133,21725.19
363,54.2,137.26,331.26,3.99,1133,21725.19
364,54.2,137.26,331.26,3.99,1133,21725.19
365,54.2,137.26,331.26,3.99,1133,21725.19
366,54.2,137.26,331.26,3.99,1133,21725.19
367,54.2,137.26,331.26,3.99,1133,21725.19
368,54.2,137.91,331.91,3.99,1133,19113.91
369,54.2,137.91,331.91,3.99,1133,19113.91
370,54.2,137.91,331.91,3.99,1133,19113.91
371,54.2,137.91,331.91,3.99,1133,19113.91
372,54.2,137.91,331.91,3.99,1133,19113.91
373,54.2,137.91,331.91,3.99,1133,19113.91
374,54.2,137.91,331.91,3.99,1133,19113.91
375,54.2,137.91,331.91,3.99,1133,19113.91
376,54.2,137.91,331.91,3.99,1133,19113.91
377,54.2,137.91,331.91,3.99,1133,19113.91
378,54.2,137.91,331.91,3.99,1133,19113.91
379,54.2,137.91,331.91,3.99,1133,19113.91
380,54.2,137.91,331.91,3.99,1133,19113.91
381,54.2,137.91,331.91,3.99,1133,19113.91
382,54.2,137.91,331.91,3.99,1133,19113.91
383,54.2,137.91,331.91,3.99,1133,19113.91
384,54.2,137.91,331.91,3.99,1133,19113.91
385,54.2,137.91,331.91,3.99,1133,19113.91
386,54.2,137.91,331.91,3.99,1133,19113.91
387,54.2,137.91,331.91,3.99,1133,19113.91
388,54.2,137.91,331.91,3.99,1133,19113.91
389,54.2,137.91,331.91,3.99,1133,19113.91
390,54.2,137.91,331.91,3.99,1133,19113.91
391,54.2,137.91,331.91,3.99,1133,19113.91
392,54.2,137.91,331.91,3.99,1133,19113.91
393,54.2,137.91,331.91,3.99,1133,19113.91
394,54.2,137.91,331.91,3.99,1133,19113.91
395,54.2,137.91,331.91,3.99,1133,19113.91
396,54.2,137.91,331.91,3.99,1133,19113.91
397,54.2,137.91,331.91,3.99,1133,19113.91
398,54.2,137.91,331.91,3.99,1133,19113.91
399,54.2,137.91,331.91,3.99,1133,19113.91
400,54.2,137.91,331.91,3.99,1133,19113.91
401,54.2,138.84,332.84,3.99,1133,18993.09
402,54.2,138.84,332.84,3.99,1133,18993.09
403,54.2,138.84,332.84,3.99,1133,18993.09
404,54.2,138.84,332.84,3.99,1133,18993.09
405,54.2,138.84,332.84,3.99,1133,18993.09
406,54.2,138.84,332.84,3.99,1133,18993.09
407,54.2,138.84,332.84,3.99,1133,18993.09
408,54.2,138.84,332.84,3.99,1133,18993.09
409,54.2,138.84,332.84,3.99,1133,18993.09
410,54.2,138.84,332.84,3.99,1133,18993.09
411,54.2,138.84,332.84,3.99,1133,18993.09
412,54.2,138.84,332.84,3.99,1133,18993.09
413,54.2,138.84,332.84,3.99,1133,18993.09
414,54.2,138.84,332.84,3.99,1133,18993.09
415,54.2,138.84,332.84,3.99,1133,18993.09
416,54.2,138.84,332.84,3.99,1133,18993.09
417,54.2,138.84,332.84,3.99,1133,18993.09
418,54.2,138.84,332.84,3.99,1133,18993.09
419,54.2,138.84,332.84,3.99,1133,18993.09
420,54.2,138.84,332.84,3.99,1133,18993.09
421,54.2,138.84,332.84,3.99,1133,18993.09
422,54.2,138.84,332.84,3.99,1133,18993.09
423,54.2,138.84,332.84,3.99,1133,18993.09
424,54.2,138.84,332.84,3.99,1133,18993.09
425,54.2,138.84,332.84,3.99,1133,18993.09
426,54.2,138.84,332.84,3.99,1133,18993.09
427,54.2,138.84,332.84,3.99,1133,18993.09
428,54.2,138.84,332.84,3.99,1133,18993.09
429,54.2,138.84,332.84,3.99,1133,18993.09
430,54.2,138.84,332.84,3.99,1133,18993.09
431,54.2,138.84,332.84,3.99,1133,18993.09
432,54.2,138.84,332.84,3.99,1133,18993.09
433,54.2,138.84,332.84,3.99,1133,18993.09
434,54.2,138.84,332.84,3.99,1133,18993.09
435,54.2,136.84,330.84,3.99,1133,19256.07
436,54.2,136.84,330.84,3.99,1133,19256.07
437,54.2,136.84,330.84,3.99,1133,19256.07
438,54.2,136.84,330.84,3.99,1133,19256.07
439,54.2,136.84,330.84,3.99,1133,19256.07
440,54.2,136.84,330.84,3.99,1133,19256.07
441,54.2,136.84,330.84,3.99,1133,19256.07
442,54.2,136.84,330.84,3.99,1133,19256.07
443,54.2,136.84,330.84,3.99,1133,19256.07
444,54.2,136.84,330.84,3.99,1133,19256.07
445,54.2,136.84,330.84,3.99,1133,19256.07
446,54.2,136.84,330.84,3.99,1133,19256.07
447,54.2,136.84,330.84,3.99,1133,19256.07
448,54.2,136.84,330.84,3.99,1133,19256.07
449,54.2,136.84,330.84,3.99,1133,19256.07
450,54.2,136.84,330.84,3.99,1133,19256.07
451,54.2,136.84,330.84,3.99,1133,19256.07
452,54.2,136.84,330.84,3.99,1133,19256.07
453,54.2,136.84,330.84,3.99,1133,19256.07
454,54.2,136.84,330.84,3.99,1133,19256.07
455,54.2,136.84,330.84,3.99,1133,19256.07
456,54.2,136.84,330.84,3.99,1133,19256.07
457,54.2,136.84,330.84,3.99,1133,19256.07
458,54.2,136.84,330.84,3.99,1133,19256.07
459,54.2,136.84,330.84,3.99,1133,19256.07
460,54.2,136.84,330.84,3.99,1133,19256.07
461,54.2,136.84,330.84,3.99,1133,19256.07
462,54.2,136.84,330.84,3.99,1133,19256.07
463,54.2,136.84,330.84,3.99,1133,19256.07
464,54.2,136.84,330.84,3.99,1133,19256.07
465,54.2,136.84,330.84,3.99,1133,19256.07
466,54.2,136.84,330.84,3.99,1133,19256.07
467,54.2,136.84,330.84,3.99,1133,19256.07
468,54.2,142.91,336.91,3.99,1133,18480.16
469,54.2,142.91,336.91,3.99,1133,18480.16
470,54.2,142.91,336.91,3.99,1133,18480.16
471,54.2,142.91,336.91,3.99,1133,18480.16
472,54.2,142.91,336.91,3.99,1133,18480.16
473,54.2,142.91,336.91,3.99,1133,18480.16
474,54.2,142.91,336.91,3.99,1133,18480.16
475,54.2,142.91,336.91,3.99,1133,18480.16
476,54.2,142.91,336.91,3.99,1133,18480.16
477,54.2,142.91,336.91,3.99,1133,18480.16
478,54.2,142.91,336.91,3.99,1133,18480.16
479,54.2,142.91,336.91,3.99,1133,18480.16
480,54.2,142.91,336.91,3.99,1133,18480.16
481,54.2,142.91,336.91,3.99,1133,18480.16
482,54.2,142.91,336.91,3.99,1133,18480.16
483,54.2,142.91,336.91,3.99,1133,18480.16
484,54.2,142.91,336.91,3.99,1133,18480.16
485,54.2,142.91,336.91,3.99,1133,18480.16
486,54.2,142.91,336.91,3.99,1133,18480.16
487,54.2,142.91,336.91,3.99,1133,18480.16
488,54.2,142.91,336.91,3.99,1133,18480.16
489,54.2,142.91,336.91,3.99,1133,18480.16
490,54.2,142.91,336.91,3.99,1133,18480.16
491,54.2,142.91,336.91,3.99,1133,18480.16
492,54.2,142.91,336.91,3.99,1133,18480.16
493,54.2,142.91,336.91,3.99,1133,18480.16
494,54.2,142.91,336.91,3.99,1133,18480.16
495,54.2,142.91,336.91,3.99,1133,18480.16
496,54.2,142.91,336.91,3.99,1133,18480.16
497,54.2,142.91,336.91,3.99,1133,18480.16
498,54.2,142.91,336.91,3.99,1133,18480.16
499,54.2,142.91,336.91,3.99,1133,18480.16
500,54.2,142.91,336.91,3.99,1133,18480.16
501,54.2,136.53,330.53,3.99,1133,19299.79
502,54.2,136.53,330.53,3.99,1133,19299.79
503,54.2,136.53,330.53,3.99,1133,19299.79
504,54.2,136.53,330.53,3.99,1133,19299.79
505,54.2,136.53,330.53,3.99,1133,19299.79
506,54.2,136.53,330.53,3.99,1133,19299.79
507,54.2,136.53,330.53,3.99,1133,19299.79
508,54.2,136.53,330.53,3.99,1133,19299.79
509,54.2,136.53,330.53,3.99,1133,19299.79
510,54.2,136.53,330.53,3.99,1133,19299.79
511,54.2,136.53,330.53,3.99,1133,19299.79
512,54.2,136.53,330.53,3.99,1133,19299.79
513,54.2,136.53,330.53,3.99,1133,19299.79
514,54.2,136.53,330.53,3.99,1133,19299.79
515,54.2,136.53,330.53,3.99,1133,19299.79
516,54.2,136.53,330.53,3.99,1133,19299.79
517,54.2,136.53,330.53,3.99,1133,19299.79
518,54.2,136.53,330.53,3.99,1133,19299.79
519,54.2,136.53,330.53,3.99,1133,19299.79
520,54.2,136.53,330.53,3.99,1133,19299.79
521,54.2,136.53,330.53,3.99,1133,19299.79
522,54.2,136.53,330.53,3.99,1133,19299.79
523,54.2,136.53,330.53,3.99,1133,19299.79
524,54.2,136.53,330.53,3.99,1133,19299.79
525,54.2,136.53,330.53,3.99,1133,19299.79
526,54.2,136.53,330.53,3.99,1133,19299.79
527,54.2,136.53,330.53,3.99,1133,19299.79
528,54.2,136.53,330.53,3.99,1133,19299.79
529,54.2,136.53,330.53,3.99,1133,19299.79
530,54.2,136.53,330.53,3.99,1133,19299.79
531,54.2,136.53,330.53,3.99,1133,19299.79
532,54.2,136.53,330.53,3.99,1133,19299.79
533,54.2,136.53,330.53,3.99,1133,19299.79
534,54.2,136.53,330.53,3.99,1133,19299.79
535,54.2,137.2,331.2,3.99,1133,19205.54
536,54.2,137.2,331.2,3.99,1133,19205.54
537,54.2,137.2,331.2,3.99,1133,19205.54
538,54.2,137.2,331.2,3.99,1133,19205.54
539,54.2,137.2,331.2,3.99,1133,19205.54
540,54.2,137.2,331.2,3.99,1133,19205.54
541,54.2,137.2,331.2,3.99,1133,19205.54
542,54.2,137.2,331.2,3.99,1133,19205.54
543,54.2,137.2,331.2,3.99,1133,19205.54
544,54.2,137.2,331.2,3.99,1133,19205.54
545,54.2,137.2,331.2,3.99,1133,19205.54
546,54.2,137.2,331.2,3.99,1133,19205.54
547,54.2,137.2,331.2,3.99,1133,19205.54
548,54.2,137.2,331.2,3.99,1133,19205.54
549,54.2,137.2,331.2,3.99,1133,19205.54
550,54.2,137.2,331.2,3.99,1133,19205.54
551,54.2,137.2,331.2,3.99,1133,19205.54
552,54.2,137.2,331.2,3.99,1133,19205.54
553,54.2,137.2,331.2,3.99,1133,19205.54
554,54.2,137.2,331.2,3.99,1133,19205.54
555,54.2,137.2,331.2,3.99,1133,19205.54
556,54.2,137.2,331.2,3.99,1133,19205.54
557,54.2,137.2,331.2,3.99,1133,19205.54
558,54.2,137.2,331.2,3.99,1133,19205.54
559,54.2,137.2,331.2,3.99,1133,19205.54
560,54.2,137.2,331.2,3.99,1133,19205.54
561,54.2,137.2,331.2,3.99,1133,19205.54
562,54.2,137.2,331.2,3.99,1133,19205.54
563,54.2,137.2,331.2,3.99,1133,19205.54
564,54.2,137.2,331.2,3.99,1133,19205.54
565,54.2,137.2,331.2,3.99,1133,19205.54
566,54.2,137.2,331.2,3.99,1133,19205.54
567,54.2,137.2,331.2,3.99,1133,19205.54
568,54.2,146.77,340.77,3.99,1133,18021.39
569,54.2,146.77,340.77,3.99,1133,18021.39
570,54.2,146.77,340.77,3.99,1133,18021.39
571,54.2,146.77,340.77,3.99,1133,18021.39
572,54.2,146.77,340.77,3.99,1133,18021.39
573,54.2,146.77,340.77,3.99,1133,18021.39
574,54.2,146.77,340.77,3.99,1133,18021.39
575,54.2,146.77,340.77,3.99,1133,18021.39
576,54.2,146.77,340.77,3.99,1133,18021.39
577,54.2,146.77,340.77,3.99,1133,18021.39
578,54.2,146.77,340.77,3.99,1133,18021.39
579,54.2,146.77,340.77,3.99,1133,18021.39
580,54.2,146.77,340.77,3.99,1133,18021.39
581,54.2,146.77,340.77,3.99,1133,18021.39
582,54.2,146.77,340.77,3.99,1133,18021.39
583,54.2,146.77,340.77,3.99,1133,18021.39
584,54.2,146.77,340.77,3.99,1133,18021.39
585,54.2,146.77,340.77,3.99,1133,18021.39
586,54.2,146.77,340.77,3.99,1133,18021.39
587,54.2,146.77,340.77,3.99,1133,18021.39
588,54.2,146.77,340.77,3.99,1133,18021.39
589,54.2,146.77,340.77,3.99,1133,18021.39
590,54.2,146.77,340.77,3.99,1133,18021.39
591,54.2,146.77,340.77,3.99,1133,18021.39
592,54.2,146.77,340.77,3.99,1133,18021.39
593,54.2,146.77,340.77,3.99,1133,18021.39
594,54.2,146.77,340.77,3.99,1133,18021.39
595,54.2,146.77,340.77,3.99,1133,18021.39
596,54.2,146.77,340.77,3.99,1133,18021.39
597,54.2,146.77,340.77,3.99,1133,18021.39
598,54.2,146.77,340.77,3.99,1133,18021.39
599,54.2,146.77,340.77,3.99,1133,18021.39
600,54.2,146.77,340.77,3.99,1133,18021.39
601,218.2,272.13,484.97,15.99,623,10179.33
602,218.2,272.13,484.97,15.99,623,10179.33
603,218.2,272.13,484.97,15.99,623,10179.33
604,218.2,272.13,484.97,15.99,623,10179.33
605,218.2,272.13,484.97,15.99,623,10179.33
606,218.2,272.13,484.97,15.99,623,10179.33
607,218.2,272.13,484.97,15.99,623,10179.33
608,218.2,272.13,484.97,15.99,623,10179.33
609,218.2,272.13,484.97,15.99,623,10179.33
610,218.2,272.13,484.97,15.99,623,10179.33
611,218.2,272.13,484.97,15.99,623,10179.33
612,218.2,272.13,484.97,15.99,623,10179.33
613,218.2,272.13,484.97,15.99,623,10179.33
614,218.2,272.13,484.97,15.99,623,10179.33
615,218.2,272.13,484.97,15.99,623,10179.33
616,218.2,272.13,484.97,15.99,623,10179.33
617,218.2,272.13,484.97,15.99,623,10179.33
618,218.2,272.13,484.97,15.99,623,10179.33
619,218.2,272.13,484.97,15.99,623,10179.33
620,218.2,272.13,484.97,15.99,623,10179.33
621,218.2,272.13,484.97,15.99,623,10179.33
622,218.2,272.13,484.97,15.99,623,10179.33
623,218.2,272.13,484.97,15.99,623,10179.33
624,218.2,272.13,484.97,15.99,623,10179.33
625,218.2,272.13,484.97,15.99,623,10179.33
626,218.2,272.13,484.97,15.99,623,10179.33
627,218.2,272.13,484.97,15.99,623,10179.33
628,218.2,272.13,484.97,15.99,623,10179.33
629,218.2,272.13,484.97,15.99,623,10179.33
630,218.2,272.13,484.97,15.99,623,10179.33
631,218.2,272.13,484.97,15.99,623,10179.33
632,218.2,272.13,484.97,15.99,623,10179.33
633,218.2,272.13,484.97,15.99,623,10179.33
634,218.2,272.13,484.97,15.99,623,10179.33
635,219.2,243,452,16.08,623,11279.84
636,219.2,243,452,16.08,623,11279.84
637,219.2,243,452,16.08,623,11279.84
638,219.2,243,452,16.08,623,11279.84
639,219.2,243,452,16.08,623,11279.84
640,219.2,243,452,16.08,623,11279.84
641,219.2,243,452,16.08,623,11279.84
642,219.2,243,452,16.08,623,11279.84
643,219.2,243,452,16.08,623,11279.84
644,219.2,243,452,16.08,623,11279.84
645,219.2,243,452,16.08,623,11279.84
646,219.2,243,452,16.08,623,11279.84
647,219.2,243,452,16.08,623,11279.84
648,219.2,243,452,16.08,623,11279.84
649,219.2,243,452,16.08,623,11279.84
650,219.2,243,452,16.08,623,11279.84
651,219.2,243,452,16.08,623,11279.84
652,219.2,243,452,16.08,623,11279.84
653,219.2,243,452,16.08,623,11279.84
654,219.2,243,452,16.08,623,11279.84
655,219.2,243,452,16.08,623,11279.84
656,219.2,243,452,16.08,623,11279.84
657,219.2,243,452,16.08,623,11279.84
658,219.2,243,452,16.08,623,11279.84
659,219.2,243,452,16.08,623,11279.84
660,219.2,243,452,16.08,623,11279.84
661,219.2,243,452,16.08,623,11279.84
662,219.2,243,452,16.08,623,11279.84
663,219.2,243,452,16.08,623,11279.84
664,219.2,243,452,16.08,623,11279.84
665,219.2,243,452,16.08,623,11279.84
666,219.2,243,452,16.08,623,11279.84
667,219.2,243,452,16.08,623,11279.84
668,385.2,377.59,604.81,15.99,1353,7615.67
669,385.2,377.59,604.81,15.99,1353,7615.67
670,385.2,377.59,604.81,15.99,1353,7615.67
671,385.2,377.59,604.81,15.99,1353,7615.67
672,385.2,377.59,604.81,15.99,1353,7615.67
673,385.2,377.59,604.81,15.99,1353,7615.67
674,385.2,377.59,604.81,15.99,1353,7615.67
675,385.2,377.59,604.81,15.99,1353,7615.67
676,385.2,377.59,604.81,15.99,1353,7615.67
677,385.2,377.59,604.81,15.99,1353,7615.67
678,385.2,377.59,604.81,15.99,1353,7615.67
679,385.2,377.59,604.81,15.99,1353,7615.67
680,385.2,377.59,604.81,15.99,1353,7615.67
681,385.2,377.59,604.81,15.99,1353,7615.67
682,385.2,377.59,604.81,15.99,1353,7615.67
683,385.2,377.59,604.81,15.99,1353,7615.67
684,385.2,377.59,604.81,15.99,1353,7615.67
685,385.2,377.59,604.81,15.99,1353,7615.67
686,385.2,377.59,604.81,15.99,1353,7615.67
687,385.2,377.59,604.81,15.99,1353,7615.67
688,385.2,377.59,604.81,15.99,1353,7615.67
689,385.2,377.59,604.81,15.99,1353,7615.67
690,385.2,377.59,604.81,15.99,1353,7615.67
691,385.2,377.59,604.81,15.99,1353,7615.67
692,385.2,377.59,604.81,15.99,1353,7615.67
693,385.2,377.59,604.81,15.99,1353,7615.67
694,385.2,377.59,604.81,15.99,1353,7615.67
695,385.2,377.59,604.81,15.99,1353,7615.67
696,385.2,377.59,604.81,15.99,1353,7615.67
697,385.2,377.59,604.81,15.99,1353,7615.67
698,385.2,377.59,604.81,15.99,1353,7615.67
699,385.2,377.59,604.81,15.99,1353,7615.67
700,385.2,377.59,604.81,15.99,1353,7615.67
701,401.2,317.45,536.47,15.99,1484.1,8869.11
702,401.2,317.45,536.47,15.99,1484.1,8869.11
703,401.2,317.45,536.47,15.99,1484.1,8869.11
704,401.2,317.45,536.47,15.99,1484.1,8869.11
705,401.2,317.45,536.47,15.99,1484.1,8869.11
706,401.2,317.45,536.47,15.99,1484.1,8869.11
707,401.2,317.45,536.47,15.99,1484.1,8869.11
708,401.2,317.45,536.47,15.99,1484.1,8869.11
709,401.2,317.45,536.47,15.99,1484.1,8869.11
710,401.2,317.45,536.47,15.99,1484.1,8869.11
711,401.2,317.45,536.47,15.99,1484.1,8869.11
712,401.2,317.45,536.47,15.99,1484.1,8869.11
713,401.2,317.45,536.47,15.99,1484.1,8869.11
714,401.2,317.45,536.47,15.99,1484.1,8869.11
715,401.2,317.45,536.47,15.99,1484.1,8869.11
716,401.2,317.45,536.47,15.99,1484.1,8869.11
717,401.2,317.45,536.47,15.99,1484.1,8869.11
718,401.2,317.45,536.47,15.99,1484.1,8869.11
719,401.2,317.45,536.47,15.99,1484.1,8869.11
720,401.2,317.45,536.47,15.99,1484.1,8869.11
721,401.2,317.45,536.47,15.99,1484.1,8869.11
722,401.2,317.45,536.47,15.99,1484.1,8869.11
723,401.2,317.45,536.47,15.99,1484.1,8869.11
724,401.2,317.45,536.47,15.99,1484.1,8869.11
725,401.2,317.45,536.47,15.99,1484.1,8869.11
726,401.2,317.45,536.47,15.99,1484.1,8869.11
727,401.2,317.45,536.47,15.99,1484.1,8869.11
728,401.2,317.45,536.47,15.99,1484.1,8869.11
729,401.2,317.45,536.47,15.99,1484.1,8869.11
730,401.2,317.45,536.47,15.99,1484.1,8869.11
731,401.2,317.45,536.47,15.99,1484.1,8869.11
732,401.2,317.45,536.47,15.99,1484.1,8869.11
733,401.2,317.45,536.47,15.99,1484.1,8869.11
734,401.2,317.45,536.47,15.99,1484.1,8869.11
735,315.2,317.42,536.43,15.99,1194.63,8869.64
736,315.2,317.42,536.43,15.99,1194.63,8869.64
737,315.2,317.42,536.43,15.99,1194.63,8869.64
738,315.2,317.42,536.43,15.99,1194.63,8869.64
739,315.2,317.42,536.43,15.99,1194.63,8869.64
740,315.2,317.42,536.43,15.99,1194.63,8869.64
741,315.2,317.42,536.43,15.99,1194.63,8869.64
742,315.2,317.42,536.43,15.99,1194.63,8869.64
743,315.2,317.42,536.43,15.99,1194.63,8869.64
744,315.2,317.42,536.43,15.99,1194.63,8869.64
745,315.2,317.42,536.43,15.99,1194.63,8869.64
746,315.2,317.42,536.43,15.99,1194.63,8869.64
747,315.2,317.42,536.43,15.99,1194.63,8869.64
748,315.2,317.42,536.43,15.99,1194.63,8869.64
749,315.2,317.42,536.43,15.99,1194.63,8869.64
750,315.2,317.42,536.43,15.99,1194.63,8869.64
751,315.2,317.42,536.43,15.99,1194.63,8869.64
752,315.2,317.42,536.43,15.99,1194.63,8869.64
753,315.2,317.42,536.43,15.99,1194.63,8869.64
754,315.2,317.42,536.43,15.99,1194.63,8869.64
755,315.2,317.42,536.43,15.99,1194.63,8869.64
756,315.2,317.42,536.43,15.99,1194.63,8869.64
757,315.2,317.42,536.43,15.99,1194.63,8869.64
758,315.2,317.42,536.43,15.99,1194.63,8869.64
759,315.2,317.42,536.43,15.99,1194.63,8869.64
760,315.2,317.42,536.43,15.99,1194.63,8869.64
761,315.2,317.42,536.43,15.99,1194.63,8869.64
762,315.2,317.42,536.43,15.99,1194.63,8869.64
763,315.2,317.42,536.43,15.99,1194.63,8869.64
764,315.2,317.42,536.43,15.99,1194.63,8869.64
765,315.2,317.42,536.43,15.99,1194.63,8869.64
766,315.2,317.42,536.43,15.99,1194.63,8869.64
767,315.2,317.42,536.43,15.99,1194.63,8869.64
768,344.2,334.93,548.32,12.79,1214,8458.48
769,344.2,334.93,548.32,12.79,1214,8458.48
770,344.2,334.93,548.32,12.79,1214,8458.48
771,344.2,334.93,548.32,12.79,1214,8458.48
772,344.2,334.93,548.32,12.79,1214,8458.48
773,344.2,334.93,548.32,12.79,1214,8458.48
774,344.2,334.93,548.32,12.79,1214,8458.48
775,344.2,334.93,548.32,12.79,1214,8458.48
776,344.2,334.93,548.32,12.79,1214,8458.48
777,344.2,334.93,548.32,12.79,1214,8458.48
778,344.2,334.93,548.32,12.79,1214,8458.48
779,344.2,334.93,548.32,12.79,1214,8458.48
780,344.2,334.93,548.32,12.79,1214,8458.48
781,344.2,334.93,548.32,12.79,1214,8458.48
782,344.2,334.93,548.32,12.79,1214,8458.48
783,344.2,334.93,548.32,12.79,1214,8458.48
784,344.2,334.93,548.32,12.79,1214,8458.48
785,344.2,334.93,548.32,12.79,1214,8458.48
786,344.2,334.93,548.32,12.79,1214,8458.48
787,344.2,334.93,548.32,12.79,1214,8458.48
788,344.2,334.93,548.32,12.79,1214,8458.48
789,344.2,334.93,548.32,12.79,1214,8458.48
790,344.2,334.93,548.32,12.79,1214,8458.48
791,344.2,334.93,548.32,12.79,1214,8458.48
792,344.2,334.93,548.32,12.79,1214,8458.48
793,344.2,334.93,548.32,12.79,1214,8458.48
794,344.2,334.93,548.32,12.79,1214,8458.48
795,344.2,334.93,548.32,12.79,1214,8458.48
796,344.2,334.93,548.32,12.79,1214,8458.48
797,344.2,334.93,548.32,12.79,1214,8458.48
798,344.2,334.93,548.32,12.79,1214,8458.48
799,344.2,334.93,548.32,12.79,1214,8458.48
800,344.2,334.93,548.32,12.79,1214,8458.48
801,310.2,339.01,552.79,12.79,1225,8368.48
802,310.2,339.01,552.79,12.79,1225,8368.48
803,310.2,339.01,552.79,12.79,1225,8368.48
804,310.2,339.01,552.79,12.79,1225,8368.48
805,310.2,339.01,552.79,12.79,1225,8368.48
806,310.2,339.01,552.79,12.79,1225,8368.48
807,310.2,339.01,552.79,12.79,1225,8368.48
808,310.2,339.01,552.79,12.79,1225,8368.48
809,310.2,339.01,552.79,12.79,1225,8368.48
810,310.2,339.01,552.79,12.79,1225,8368.48
811,310.2,339.01,552.79,12.79,1225,8368.48
812,310.2,339.01,552.79,12.79,1225,8368.48
813,310.2,339.01,552.79,12.79,1225,8368.48
814,310.2,339.01,552.79,12.79,1225,8368.48
815,310.2,339.01,552.79,12.79,1225,8368.48
816,310.2,339.01,552.79,12.79,1225,8368.48
817,310.2,339.01,552.79,12.79,1225,8368.48
818,310.2,339.01,552.79,12.79,1225,8368.48
819,310.2,339.01,552.79,12.79,1225,8368.48
820,310.2,339.01,552.79,12.79,1225,8368.48
821,310.2,339.01,552.79,12.79,1225,8368.48
822,310.2,339.01,552.79,12.79,1225,8368.48
823,310.2,339.01,552.79,12.79,1225,8368.48
824,310.2,339.01,552.79,12.79,1225,8368.48
825,310.2,339.01,552.79,12.79,1225,8368.48
826,310.2,339.01,552.79,12.79,1225,8368.48
827,310.2,339.01,552.79,12.79,1225,8368.48
828,310.2,339.01,552.79,12.79,1225,8368.48
829,310.2,339.01,552.79,12.79,1225,8368.48
830,310.2,339.01,552.79,12.79,1225,8368.48
831,310.2,339.01,552.79,12.79,1225,8368.48
832,310.2,339.01,552.79,12.79,1225,8368.48
833,310.2,339.01,552.79,12.79,1225,8368.48
834,310.2,339.01,552.79,12.79,1225,8368.48
835,160.2,352.58,560.53,9.99,726.69,8084.97
836,160.2,352.58,560.53,9.99,726.69,8084.97
837,160.2,352.58,560.53,9.99,726.69,8084.97
838,160.2,352.58,560.53,9.99,726.69,8084.97
839,160.2,352.58,560.53,9.99,726.69,8084.97
840,160.2,352.58,560.53,9.99,726.69,8084.97
841,160.2,352.58,560.53,9.99,726.69,8084.97
842,160.2,352.58,560.53,9.99,726.69,8084.97
843,160.2,352.58,560.53,9.99,726.69,8084.97
844,160.2,352.58,560.53,9.99,726.69,8084.97
845,160.2,352.58,560.53,9.99,726.69,8084.97
846,160.2,352.58,560.53,9.99,726.69,8084.97
847,160.2,352.58,560.53,9.99,726.69,8084.97
848,160.2,352.58,560.53,9.99,726.69,8084.97
849,160.2,352.58,560.53,9.99,726.69,8084.97
850,160.2,352.58,560.53,9.99,726.69,8084.97
851,160.2,352.58,560.53,9.99,726.69,8084.97
852,160.2,352.58,560.53,9.99,726.69,8084.97
853,160.2,352.58,560.53,9.99,726.69,8084.97
854,160.2,352.58,560.53,9.99,726.69,8084.97
855,160.2,352.58,560.53,9.99,726.69,8084.97
856,160.2,352.58,560.53,9.99,726.69,8084.97
857,160.2,352.58,560.53,9.99,726.69,8084.97
858,160.2,352.58,560.53,9.99,726.69,8084.97
859,160.2,352.58,560.53,9.99,726.69,8084.97
860,160.2,352.58,560.53,9.99,726.69,8084.97
861,160.2,352.58,560.53,9.99,726.69,8084.97
862,160.2,352.58,560.53,9.99,726.69,8084.97
863,160.2,352.58,560.53,9.99,726.69,8084.97
864,160.2,352.58,560.53,9.99,726.69,8084.97
865,160.2,352.58,560.53,9.99,726.69,8084.97
866,160.2,352.58,560.53,9.99,726.69,8084.97
867,160.2,352.58,560.53,9.99,726.69,8084.97
868,228.2,382.37,592.22,9.99,877.45,8504.85
869,228.2,382.37,592.22,9.99,877.45,8504.85
870,228.2,382.37,592.22,9.99,877.45,8504.85
871,228.2,382.37,592.22,9.99,877.45,8504.85
872,228.2,382.37,592.22,9.99,877.45,8504.85
873,228.2,382.37,592.22,9.99,877.45,8504.85
874,228.2,382.37,592.22,9.99,877.45,8504.85
875,228.2,382.37,592.22,9.99,877.45,8504.85
876,228.2,382.37,592.22,9.99,877.45,8504.85
877,228.2,382.37,592.22,9.99,877.45,8504.85
878,228.2,382.37,592.22,9.99,877.45,8504.85
879,228.2,382.37,592.22,9.99,877.45,8504.85
880,228.2,382.37,592.22,9.99,877.45,8504.85
881,228.2,382.37,592.22,9.99,877.45,8504.85
882,228.2,382.37,592.22,9.99,877.45,8504.85
883,228.2,382.37,592.22,9.99,877.45,8504.85
884,228.2,382.37,592.22,9.99,877.45,8504.85
885,228.2,382.37,592.22,9.99,877.45,8504.85
886,228.2,382.37,592.22,9.99,877.45,8504.85
887,228.2,382.37,592.22,9.99,877.45,8504.85
888,228.2,382.37,592.22,9.99,877.45,8504.85
889,228.2,382.37,592.22,9.99,877.45,8504.85
890,228.2,382.37,592.22,9.99,877.45,8504.85
891,228.2,382.37,592.22,9.99,877.45,8504.85
892,228.2,382.37,592.22,9.99,877.45,8504.85
893,228.2,382.37,592.22,9.99,877.45,8504.85
894,228.2,382.37,592.22,9.99,877.45,8504.85
895,228.2,382.37,592.22,9.99,877.45,8504.85
896,228.2,382.37,592.22,9.99,877.45,8504.85
897,228.2,382.37,592.22,9.99,877.45,8504.85
898,228.2,382.37,592.22,9.99,877.45,8504.85
899,228.2,382.37,592.22,9.99,877.45,8504.85
900,228.2,382.37,592.22,9.99,877.45,8504.85
901,230.2,347.63,555.27,9.99,974.6,10390.36
902,230.2,347.63,555.27,9.99,974.6,10390.36
903,230.2,347.63,555.27,9.99,974.6,10390.36
904,230.2,347.63,555.27,9.99,974.6,10390.36
905,230.2,347.63,555.27,9.99,974.6,10390.36
906,230.2,347.63,555.27,9.99,974.6,10390.36
907,230.2,347.63,555.27,9.99,974.6,10390.36
908,230.2,347.63,555.27,9.99,974.6,10390.36
909,230.2,347.63,555.27,9.99,974.6,10390.36
910,230.2,347.63,555.27,9.99,974.6,10390.36
911,230.2,347.63,555.27,9.99,974.6,10390.36
912,230.2,347.63,555.27,9.99,974.6,10390.36
913,230.2,347.63,555.27,9.99,974.6,10390.36
914,230.2,347.63,555.27,9.99,974.6,10390.36
915,230.2,347.63,555.27,9.99,974.6,10390.36
916,230.2,347.63,555.27,9.99,974.6,10390.36
917,230.2,347.63,555.27,9.99,974.6,10390.36
918,230.2,347.63,555.27,9.99,974.6,10390.36
919,230.2,347.63,555.27,9.99,974.6,10390.36
920,230.2,347.63,555.27,9.99,974.6,10390.36
921,230.2,347.63,555.27,9.99,974.6,10390.36
922,230.2,347.63,555.27,9.99,974.6,10390.36
923,230.2,347.63,555.27,9.99,974.6,10390.36
924,230.2,347.63,555.27,9.99,974.6,10390.36
925,230.2,347.63,555.27,9.99,974.6,10390.36
926,230.2,347.63,555.27,9.99,974.6,10390.36
927,230.2,347.63,555.27,9.99,974.6,10390.36
928,230.2,347.63,555.27,9.99,974.6,10390.36
929,230.2,347.63,555.27,9.99,974.6,10390.36
930,230.2,347.63,555.27,9.99,974.6,10390.36
931,230.2,347.63,555.27,9.99,974.6,10390.36
932,230.2,347.63,555.27,9.99,974.6,10390.36
933,230.2,347.63,555.27,9.99,974.6,10390.36
934,230.2,347.63,555.27,9.99,974.6,10390.36
935,246.2,331.45,552.12,15.89,835.5,10505.36
936,246.2,331.45,552.12,15.89,835.5,10505.36
937,246.2,331.45,552.12,15.89,835.5,10505.36
938,246.2,331.45,552.12,15.89,835.5,10505.36
939,246.2,331.45,552.12,15.89,835.5,10505.36
940,246.2,331.45,552.12,15.89,835.5,10505.36
941,246.2,331.45,552.12,15.89,835.5,10505.36
942,246.2,331.45,552.12,15.89,835.5,10505.36
943,246.2,331.45,552.12,15.89,835.5,10505.36
944,246.2,331.45,552.12,15.89,835.5,10505.36
945,246.2,331.45,552.12,15.89,835.5,10505.36
946,246.2,331.45,552.12,15.89,835.5,10505.36
947,246.2,331.45,552.12,15.89,835.5,10505.36
948,246.2,331.45,552.12,15.89,835.5,10505.36
949,246.2,331.45,552.12,15.89,835.5,10505.36
950,246.2,331.45,552.12,15.89,835.5,10505.36
951,246.2,331.45,552.12,15.89,835.5,10505.36
952,246.2,331.45,552.12,15.89,835.5,10505.36
953,246.2,331.45,552.12,15.89,835.5,10505.36
954,246.2,331.45,552.12,15.89,835.5,10505.36
955,246.2,331.45,552.12,15.89,835.5,10505.36
956,246.2,331.45,552.12,15.89,835.5,10505.36
957,246.2,331.45,552.12,15.89,835.5,10505.36
958,246.2,331.45,552.12,15.89,835.5,10505.36
959,246.2,331.45,552.12,15.89,835.5,10505.36
960,246.2,331.45,552.12,15.89,835.5,10505.36
961,246.2,331.45,552.12,15.89,835.5,10505.36
962,246.2,331.45,552.12,15.89,835.5,10505.36
963,246.2,331.45,552.12,15.89,835.5,10505.36
964,246.2,331.45,552.12,15.89,835.5,10505.36
965,246.2,331.45,552.12,15.89,835.5,10505.36
966,246.2,331.45,552.12,15.89,835.5,10505.36
967,246.2,331.45,552.12,15.89,835.5,10505.36
968,251.2,330.4,539.18,10.99,918,11006.96
969,251.2,330.4,539.18,10.99,918,11006.96
970,251.2,330.4,539.18,10.99,918,11006.96
971,251.2,330.4,539.18,10.99,918,11006.96
972,251.2,330.4,539.18,10.99,918,11006.96
973,251.2,330.4,539.18,10.99,918,11006.96
974,251.2,330.4,539.18,10.99,918,11006.96
975,251.2,330.4,539.18,10.99,918,11006.96
976,251.2,330.4,539.18,10.99,918,11006.96
977,251.2,330.4,539.18,10.99,918,11006.96
978,251.2,330.4,539.18,10.99,918,11006.96
979,251.2,330.4,539.18,10.99,918,11006.96
980,251.2,330.4,539.18,10.99,918,11006.96
981,251.2,330.4,539.18,10.99,918,11006.96
982,251.2,330.4,539.18,10.99,918,11006.96
983,251.2,330.4,539.18,10.99,918,11006.96
984,251.2,330.4,539.18,10.99,918,11006.96
985,251.2,330.4,539.18,10.99,918,11006.96
986,251.2,330.4,539.18,10.99,918,11006.96
987,251.2,330.4,539.18,10.99,918,11006.96
988,251.2,330.4,539.18,10.99,918,11006.96
989,251.2,330.4,539.18,10.99,918,11006.96
990,251.2,330.4,539.18,10.99,918,11006.96
991,251.2,330.4,539.18,10.99,918,11006.96
992,251.2,330.4,539.18,10.99,918,11006.96
993,251.2,330.4,539.18,10.99,918,11006.96
994,251.2,330.4,539.18,10.99,918,11006.96
995,251.2,330.4,539.18,10.99,918,11006.96
996,251.2,330.4,539.18,10.99,918,11006.96
997,251.2,330.4,539.18,10.99,918,11006.96
998,251.2,330.4,539.18,10.99,918,11006.96
999,251.2,330.4,539.18,10.99,918,11006.96
1000,251.2,330.4,539.18,10.99,918,11006.96
1001,208.2,263.68,467.44,10.99,1360,12632.74
1002,208.2,263.68,467.44,10.99,1360,12632.74
1003,208.2,263.68,467.44,10.99,1360,12632.74
1004,208.2,263.68,467.44,10.99,1360,12632.74
1005,208.2,263.68,467.44,10.99,1360,12632.74
1006,208.2,263.68,467.44,10.99,1360,12632.74
1007,208.2,263.68,467.44,10.99,1360,12632.74
1008,208.2,263.68,467.44,10.99,1360,12632.74
1009,208.2,263.68,467.44,10.99,1360,12632.74
1010,208.2,263.68,467.44,10.99,1360,12632.74
1011,208.2,263.68,467.44,10.99,1360,12632.74
1012,208.2,263.68,467.44,10.99,1360,12632.74
1013,208.2,263.68,467.44,10.99,1360,12632.74
1014,208.2,263.68,467.44,10.99,1360,12632.74
1015,208.2,263.68,467.44,10.99,1360,12632.74
1016,208.2,263.68,467.44,10.99,1360,12632.74
1017,208.2,263.68,467.44,10.99,1360,12632.74
1018,208.2,263.68,467.44,10.99,1360,12632.74
1019,208.2,263.68,467.44,10.99,1360,12632.74
1020,208.2,263.68,467.44,10.99,1360,12632.74
1021,208.2,263.68,467.44,10.99,1360,12632.74
1022,208.2,263.68,467.44,10.99,1360,12632.74
1023,208.2,263.68,467.44,10.99,1360,12632.74
1024,208.2,263.68,467.44,10.99,1360,12632.74
1025,208.2,263.68,467.44,10.99,1360,12632.74
1026,208.2,263.68,467.44,10.99,1360,12632.74
1027,208.2,263.68,467.44,10.99,1360,12632.74
1028,208.2,263.68,467.44,10.99,1360,12632.74
1029,208.2,263.68,467.44,10.99,1360,12632.74
1030,208.2,263.68,467.44,10.99,1360,12632.74
1031,208.2,263.68,467.44,10.99,1360,12632.74
1032,208.2,263.68,467.44,10.99,1360,12632.74
1033,208.2,263.68,467.44,10.99,1360,12632.74
1034,208.2,263.68,467.44,10.99,1360,12632.74
1035,298.2,274.75,479.34,10.99,1259,10817.11
1036,298.2,274.75,479.34,10.99,1259,10817.11
1037,298.2,274.75,479.34,10.99,1259,10817.11
1038,298.2,274.75,479.34,10.99,1259,10817.11
1039,298.2,274.75,479.34,10.99,1259,10817.11
1040,298.2,274.75,479.34,10.99,1259,10817.11
1041,298.2,274.75,479.34,10.99,1259,10817.11
1042,298.2,274.75,479.34,10.99,1259,10817.11
1043,298.2,274.75,479.34,10.99,1259,10817.11
1044,298.2,274.75,479.34,10.99,1259,10817.11
1045,298.2,274.75,479.34,10.99,1259,10817.11
1046,298.2,274.75,479.34,10.99,1259,10817.11
1047,298.2,274.75,479.34,10.99,1259,10817.11
1048,298.2,274.75,479.34,10.99,1259,10817.11
1049,298.2,274.75,479.34,10.99,1259,10817.11
1050,298.2,274.75,479.34,10.99,1259,10817.11
1051,298.2,274.75,479.34,10.99,1259,10817.11
1052,298.2,274.75,479.34,10.99,1259,10817.11
1053,298.2,274.75,479.34,10.99,1259,10817.11
1054,298.2,274.75,479.34,10.99,1259,10817.11
1055,298.2,274.75,479.34,10.99,1259,10817.11
1056,298.2,274.75,479.34,10.99,1259,10817.11
1057,298.2,274.75,479.34,10.99,1259,10817.11
1058,298.2,274.75,479.34,10.99,1259,10817.11
1059,298.2,274.75,479.34,10.99,1259,10817.11
1060,298.2,274.75,479.34,10.99,1259,10817.11
1061,298.2,274.75,479.34,10.99,1259,10817.11
1062,298.2,274.75,479.34,10.99,1259,10817.11
1063,298.2,274.75,479.34,10.99,1259,10817.11
1064,298.2,274.75,479.34,10.99,1259,10817.11
1065,298.2,274.75,479.34,10.99,1259,10817.11
1066,298.2,274.75,479.34,10.99,1259,10817.11
1067,298.2,274.75,479.34,10.99,1259,10817.11
1068,287.2,241.49,450.01,15.89,1361.5,12431.16
1069,287.2,241.49,450.01,15.89,1361.5,12431.16
1070,287.2,241.49,450.01,15.89,1361.5,12431.16
1071,287.2,241.49,450.01,15.89,1361.5,12431.16
1072,287.2,241.49,450.01,15.89,1361.5,12431.16
1073,287.2,241.49,450.01,15.89,1361.5,12431.16
1074,287.2,241.49,450.01,15.89,1361.5,12431.16
1075,287.2,241.49,450.01,15.89,1361.5,12431.16
1076,287.2,241.49,450.01,15.89,1361.5,12431.16
1077,287.2,241.49,450.01,15.89,1361.5,12431.16
1078,287.2,241.49,450.01,15.89,1361.5,12431.16
1079,287.2,241.49,450.01,15.89,1361.5,12431.16
1080,287.2,241.49,450.01,15.89,1361.5,12431.16
1081,287.2,241.49,450.01,15.89,1361.5,12431.16
1082,287.2,241.49,450.01,15.89,1361.5,12431.16
1083,287.2,241.49,450.01,15.89,1361.5,12431.16
1084,287.2,241.49,450.01,15.89,1361.5,12431.16
1085,287.2,241.49,450.01,15.89,1361.5,12431.16
1086,287.2,241.49,450.01,15.89,1361.5,12431.16
1087,287.2,241.49,450.01,15.89,1361.5,12431.16
1088,287.2,241.49,450.01,15.89,1361.5,12431.16
1089,287.2,241.49,450.01,15.89,1361.5,12431.16
1090,287.2,241.49,450.01,15.89,1361.5,12431.16
1091,287.2,241.49,450.01,15.89,1361.5,12431.16
1092,287.2,241.49,450.01,15.89,1361.5,12431.16
1093,287.2,241.49,450.01,15.89,1361.5,12431.16
1094,287.2,241.49,450.01,15.89,1361.5,12431.16
1095,287.2,241.49,450.01,15.89,1361.5,12431.16
1096,287.2,241.49,450.01,15.89,1361.5,12431.16
1097,287.2,241.49,450.01,15.89,1361.5,12431.16
1098,287.2,241.49,450.01,15.89,1361.5,12431.16
1099,287.2,241.49,450.01,15.89,1361.5,12431.16
1100,287.2,241.49,450.01,15.89,1361.5,12431.16
1101,141.2,234.83,442.45,15.89,1496,11932.04
1102,141.2,234.83,442.45,15.89,1496,11932.04
1103,141.2,234.83,442.45,15.89,1496,11932.04
1104,141.2,234.83,442.45,15.89,1496,11932.04
1105,141.2,234.83,442.45,15.89,1496,11932.04
1106,141.2,234.83,442.45,15.89,1496,11932.04
1107,141.2,234.83,442.45,15.89,1496,11932.04
1108,141.2,234.83,442.45,15.89,1496,11932.04
1109,141.2,234.83,442.45,15.89,1496,11932.04
1110,141.2,234.83,442.45,15.89,1496,11932.04
1111,141.2,234.83,442.45,15.89,1496,11932.04
1112,141.2,234.83,442.45,15.89,1496,11932.04
1113,141.2,234.83,442.45,15.89,1496,11932.04
1114,141.2,234.83,442.45,15.89,1496,11932.04
1115,141.2,234.83,442.45,15.89,1496,11932.04
1116,141.2,234.83,442.45,15.89,1496,11932.04
1117,141.2,234.83,442.45,15.89,1496,11932.04
1118,141.2,234.83,442.45,15.89,1496,11932.04
1119,141.2,234.83,442.45,15.89,1496,11932.04
1120,141.2,234.83,442.45,15.89,1496,11932.04
1121,141.2,234.83,442.45,15.89,1496,11932.04
1122,141.2,234.83,442.45,15.89,1496,11932.04
1123,141.2,234.83,442.45,15.89,1496,11932.04
1124,141.2,234.83,442.45,15.89,1496,11932.04
1125,141.2,234.83,442.45,15.89,1496,11932.04
1126,141.2,234.83,442.45,15.89,1496,11932.04
1127,141.2,234.83,442.45,15.89,1496,11932.04
1128,141.2,234.83,442.45,15.89,1496,11932.04
1129,141.2,234.83,442.45,15.89,1496,11932.04
1130,141.2,234.83,442.45,15.89,1496,11932.04
1131,141.2,234.83,442.45,15.89,1496,11932.04
1132,141.2,234.83,442.45,15.89,1496,11932.04
1133,141.2,234.83,442.45,15.89,1496,11932.04
1134,141.2,234.83,442.45,15.89,1496,11932.04
1135,275.2,230.12,437.1,15.89,1387,12958.46
1136,275.2,230.12,437.1,15.89,1387,12958.46
1137,275.2,230.12,437.1,15.89,1387,12958.46
1138,275.2,230.12,437.1,15.89,1387,12958.46
1139,275.2,230.12,437.1,15.89,1387,12958.46
1140,275.2,230.12,437.1,15.89,1387,12958.46
1141,275.2,230.12,437.1,15.89,1387,12958.46
1142,275.2,230.12,437.1,15.89,1387,12958.46
1143,275.2,230.12,437.1,15.89,1387,12958.46
1144,275.2,230.12,437.1,15.89,1387,12958.46
1145,275.2,230.12,437.1,15.89,1387,12958.46
1146,275.2,230.12,437.1,15.89,1387,12958.46
1147,275.2,230.12,437.1,15.89,1387,12958.46
1148,275.2,230.12,437.1,15.89,1387,12958.46
1149,275.2,230.12,437.1,15.89,1387,12958.46
1150,275.2,230.12,437.1,15.89,1387,12958.46
1151,275.2,230.12,437.1,15.89,1387,12958.46
1152,275.2,230.12,437.1,15.89,1387,12958.46
1153,275.2,230.12,437.1,15.89,1387,12958.46
1154,275.2,230.12,437.1,15.89,1387,12958.46
1155,275.2,230.12,437.1,15.89,1387,12958.46
1156,275.2,230.12,437.1,15.89,1387,12958.46
1157,275.2,230.12,437.1,15.89,1387,12958.46
1158,275.2,230.12,437.1,15.89,1387,12958.46
1159,275.2,230.12,437.1,15.89,1387,12958.46
1160,275.2,230.12,437.1,15.89,1387,12958.46
1161,275.2,230.12,437.1,15.89,1387,12958.46
1162,275.2,230.12,437.1,15.89,1387,12958.46
1163,275.2,230.12,437.1,15.89,1387,12958.46
1164,275.2,230.12,437.1,15.89,1387,12958.46
1165,275.2,230.12,437.1,15.89,1387,12958.46
1166,275.2,230.12,437.1,15.89,1387,12958.46
1167,275.2,230.12,437.1,15.89,1387,12958.46
1168,83.2,208.44,404.74,6.99,1767,14786.03
1169,83.2,208.44,404.74,6.99,1767,14786.03
1170,83.2,208.44,404.74,6.99,1767,14786.03
1171,83.2,208.44,404.74,6.99,1767,14786.03
1172,83.2,208.44,404.74,6.99,1767,14786.03
1173,83.2,208.44,404.74,6.99,1767,14786.03
1174,83.2,208.44,404.74,6.99,1767,14786.03
1175,83.2,208.44,404.74,6.99,1767,14786.03
1176,83.2,208.44,404.74,6.99,1767,14786.03
1177,83.2,208.44,404.74,6.99,1767,14786.03
1178,83.2,208.44,404.74,6.99,1767,14786.03
1179,83.2,208.44,404.74,6.99,1767,14786.03
1180,83.2,208.44,404.74,6.99,1767,14786.03
1181,83.2,208.44,404.74,6.99,1767,14786.03
1182,83.2,208.44,404.74,6.99,1767,14786.03
1183,83.2,208.44,404.74,6.99,1767,14786.03
1184,83.2,208.44,404.74,6.99,1767,14786.03
1185,83.2,208.44,404.74,6.99,1767,14786.03
1186,83.2,208.44,404.74,6.99,1767,14786.03
1187,83.2,208.44,404.74,6.99,1767,14786.03
1188,83.2,208.44,404.74,6.99,1767,14786.03
1189,83.2,208.44,404.74,6.99,1767,14786.03
1190,83.2,208.44,404.74,6.99,1767,14786.03
1191,83.2,208.44,404.74,6.99,1767,14786.03
1192,83.2,208.44,404.74,6.99,1767,14786.03
1193,83.2,208.44,404.74,6.99,1767,14786.03
1194,83.2,208.44,404.74,6.99,1767,14786.03
1195,83.2,208.44,404.74,6.99,1767,14786.03
1196,83.2,208.44,404.74,6.99,1767,14786.03
1197,83.2,208.44,404.74,6.99,1767,14786.03
1198,83.2,208.44,404.74,6.99,1767,14786.03
1199,83.2,208.44,404.74,6.99,1767,14786.03
1200,83.2,208.44,404.74,6.99,1767,14786.03
1201,76.9,212.52,408.45,6.39,1692,14252.78
1202,76.9,212.52,408.45,6.39,1692,14252.78
1203,76.9,212.52,408.45,6.39,1692,14252.78
1204,76.9,212.52,408.45,6.39,1692,14252.78
1205,76.9,212.52,408.45,6.39,1692,14252.78
1206,76.9,212.52,408.45,6.39,1692,14252.78
1207,76.9,212.52,408.45,6.39,1692,14252.78
1208,76.9,212.52,408.45,6.39,1692,14252.78
1209,76.9,212.52,408.45,6.39,1692,14252.78
1210,76.9,212.52,408.45,6.39,1692,14252.78
1211,76.9,212.52,408.45,6.39,1692,14252.78
1212,76.9,212.52,408.45,6.39,1692,14252.78
1213,76.9,212.52,408.45,6.39,1692,14252.78
1214,76.9,212.52,408.45,6.39,1692,14252.78
1215,76.9,212.52,408.45,6.39,1692,14252.78
1216,76.9,212.52,408.45,6.39,1692,14252.78
1217,76.9,212.52,408.45,6.39,1692,14252.78
1218,76.9,212.52,408.45,6.39,1692,14252.78
1219,76.9,212.52,408.45,6.39,1692,14252.78
1220,76.9,212.52,408.45,6.39,1692,14252.78
1221,76.9,212.52,408.45,6.39,1692,14252.78
1222,76.9,212.52,408.45,6.39,1692,14252.78
1223,76.9,212.52,408.45,6.39,1692,14252.78
1224,76.9,212.52,408.45,6.39,1692,14252.78
1225,76.9,212.52,408.45,6.39,1692,14252.78
1226,76.9,212.52,408.45,6.39,1692,14252.78
1227,76.9,212.52,408.45,6.39,1692,14252.78
1228,76.9,212.52,408.45,6.39,1692,14252.78
1229,76.9,212.52,408.45,6.39,1692,14252.78
1230,76.9,212.52,408.45,6.39,1692,14252.78
1231,76.9,212.52,408.45,6.39,1692,14252.78
1232,76.9,212.52,408.45,6.39,1692,14252.78
1233,76.9,212.52,408.45,6.39,1692,14252.78
1234,76.9,212.52,408.45,6.39,1692,14252.78
1235,234.2,243.42,440.11,6.39,1351,11798.54
1236,234.2,243.42,440.11,6.39,1351,11798.54
1237,234.2,243.42,440.11,6.39,1351,11798.54
1238,234.2,243.42,440.11,6.39,1351,11798.54
1239,234.2,243.42,440.11,6.39,1351,11798.54
1240,234.2,243.42,440.11,6.39,1351,11798.54
1241,234.2,243.42,440.11,6.39,1351,11798.54
1242,234.2,243.42,440.11,6.39,1351,11798.54
1243,234.2,243.42,440.11,6.39,1351,11798.54
1244,234.2,243.42,440.11,6.39,1351,11798.54
1245,234.2,243.42,440.11,6.39,1351,11798.54
1246,234.2,243.42,440.11,6.39,1351,11798.54
1247,234.2,243.42,440.11,6.39,1351,11798.54
1248,234.2,243.42,440.11,6.39,1351,11798.54
1249,234.2,243.42,440.11,6.39,1351,11798.54
1250,234.2,243.42,440.11,6.39,1351,11798.54
1251,234.2,243.42,440.11,6.39,1351,11798.54
1252,234.2,243.42,440.11,6.39,1351,11798.54
1253,234.2,243.42,440.11,6.39,1351,11798.54
1254,234.2,243.42,440.11,6.39,1351,11798.54
1255,234.2,243.42,440.11,6.39,1351,11798.54
1256,234.2,243.42,440.11,6.39,1351,11798.54
1257,234.2,243.42,440.11,6.39,1351,11798.54
1258,234.2,243.42,440.11,6.39,1351,11798.54
1259,234.2,243.42,440.11,6.39,1351,11798.54
1260,234.2,243.42,440.11,6.39,1351,11798.54
1261,234.2,243.42,440.11,6.39,1351,11798.54
1262,234.2,243.42,440.11,6.39,1351,11798.54
1263,234.2,243.42,440.11,6.39,1351,11798.54
1264,234.2,243.42,440.11,6.39,1351,11798.54
1265,234.2,243.42,440.11,6.39,1351,11798.54
1266,234.2,243.42,440.11,6.39,1351,11798.54
1267,234.2,243.42,440.11,6.39,1351,11798.54
1268,249.4,259.22,456.3,6.39,1538.8,10539.31
1269,249.4,259.22,456.3,6.39,1538.8,10539.31
1270,249.4,259.22,456.3,6.39,1538.8,10539.31
1271,249.4,259.22,456.3,6.39,1538.8,10539.31
1272,249.4,259.22,456.3,6.39,1538.8,10539.31
1273,249.4,259.22,456.3,6.39,1538.8,10539.31
1274,249.4,259.22,456.3,6.39,1538.8,10539.31
1275,249.4,259.22,456.3,6.39,1538.8,10539.31
1276,249.4,259.22,456.3,6.39,1538.8,10539.31
1277,249.4,259.22,456.3,6.39,1538.8,10539.31
1278,249.4,259.22,456.3,6.39,1538.8,10539.31
1279,249.4,259.22,456.3,6.39,1538.8,10539.31
1280,249.4,259.22,456.3,6.39,1538.8,10539.31
1281,249.4,259.22,456.3,6.39,1538.8,10539.31
1282,249.4,259.22,456.3,6.39,1538.8,10539.31
1283,249.4,259.22,456.3,6.39,1538.8,10539.31
1284,249.4,259.22,456.3,6.39,1538.8,10539.31
1285,249.4,259.22,456.3,6.39,1538.8,10539.31
1286,249.4,259.22,456.3,6.39,1538.8,10539.31
1287,249.4,259.22,456.3,6.39,1538.8,10539.31
1288,249.4,259.22,456.3,6.39,1538.8,10539.31
1289,249.4,259.22,456.3,6.39,1538.8,10539.31
1290,249.4,259.22,456.3,6.39,1538.8,10539.31
1291,249.4,259.22,456.3,6.39,1538.8,10539.31
1292,249.4,259.22,456.3,6.39,1538.8,10539.31
1293,249.4,259.22,456.3,6.39,1538.8,10539.31
1294,249.4,259.22,456.3,6.39,1538.8,10539.31
1295,249.4,259.22,456.3,6.39,1538.8,10539.31
1296,249.4,259.22,456.3,6.39,1538.8,10539.31
1297,249.4,259.22,456.3,6.39,1538.8,10539.31
1298,249.4,259.22,456.3,6.39,1538.8,10539.31
1299,249.4,259.22,456.3,6.39,1538.8,10539.31
1300,249.4,259.22,456.3,6.39,1538.8,10539.31
1301,139.9,202.98,397.08,4.13,1679,13631.39
1302,139.9,202.98,397.08,4.13,1679,13631.39
1303,139.9,202.98,397.08,4.13,1679,13631.39
1304,139.9,202.98,397.08,4.13,1679,13631.39
1305,139.9,202.98,397.08,4.13,1679,13631.39
1306,139.9,202.98,397.08,4.13,1679,13631.39
1307,139.9,202.98,397.08,4.13,1679,13631.39
1308,139.9,202.98,397.08,4.13,1679,13631.39
1309,139.9,202.98,397.08,4.13,1679,13631.39
1310,139.9,202.98,397.08,4.13,1679,13631.39
1311,139.9,202.98,397.08,4.13,1679,13631.39
1312,139.9,202.98,397.08,4.13,1679,13631.39
1313,139.9,202.98,397.08,4.13,1679,13631.39
1314,139.9,202.98,397.08,4.13,1679,13631.39
1315,139.9,202.98,397.08,4.13,1679,13631.39
1316,139.9,202.98,397.08,4.13,1679,13631.39
1317,139.9,202.98,397.08,4.13,1679,13631.39
1318,139.9,202.98,397.08,4.13,1679,13631.39
1319,139.9,202.98,397.08,4.13,1679,13631.39
1320,139.9,202.98,397.08,4.13,1679,13631.39
1321,139.9,202.98,397.08,4.13,1679,13631.39
1322,139.9,202.98,397.08,4.13,1679,13631.39
1323,139.9,202.98,397.08,4.13,1679,13631.39
1324,139.9,202.98,397.08,4.13,1679,13631.39
1325,139.9,202.98,397.08,4.13,1679,13631.39
1326,139.9,202.98,397.08,4.13,1679,13631.39
1327,139.9,202.98,397.08,4.13,1679,13631.39
1328,139.9,202.98,397.08,4.13,1679,13631.39
1329,139.9,202.98,397.08,4.13,1679,13631.39
1330,139.9,202.98,397.08,4.13,1679,13631.39
1331,139.9,202.98,397.08,4.13,1679,13631.39
1332,139.9,202.98,397.08,4.13,1679,13631.39
1333,139.9,202.98,397.08,4.13,1679,13631.39
1334,139.9,202.98,397.08,4.13,1679,13631.39
1335,166,221.14,415.26,4.13,1530,12055.71
1336,166,221.14,415.26,4.13,1530,12055.71
1337,166,221.14,415.26,4.13,1530,12055.71
1338,166,221.14,415.26,4.13,1530,12055.71
1339,166,221.14,415.26,4.13,1530,12055.71
1340,166,221.14,415.26,4.13,1530,12055.71
1341,166,221.14,415.26,4.13,1530,12055.71
1342,166,221.14,415.26,4.13,1530,12055.71
1343,166,221.14,415.26,4.13,1530,12055.71
1344,166,221.14,415.26,4.13,1530,12055.71
1345,166,221.14,415.26,4.13,1530,12055.71
1346,166,221.14,415.26,4.13,1530,12055.71
1347,166,221.14,415.26,4.13,1530,12055.71
1348,166,221.14,415.26,4.13,1530,12055.71
1349,166,221.14,415.26,4.13,1530,12055.71
1350,166,221.14,415.26,4.13,1530,12055.71
1351,166,221.14,415.26,4.13,1530,12055.71
1352,166,221.14,415.26,4.13,1530,12055.71
1353,166,221.14,415.26,4.13,1530,12055.71
1354,166,221.14,415.26,4.13,1530,12055.71
1355,166,221.14,415.26,4.13,1530,12055.71
1356,166,221.14,415.26,4.13,1530,12055.71
1357,166,221.14,415.26,4.13,1530,12055.71
1358,166,221.14,415.26,4.13,1530,12055.71
1359,166,221.14,415.26,4.13,1530,12055.71
1360,166,221.14,415.26,4.13,1530,12055.71
1361,166,221.14,415.26,4.13,1530,12055.71
1362,166,221.14,415.26,4.13,1530,12055.71
1363,166,221.14,415.26,4.13,1530,12055.71
1364,166,221.14,415.26,4.13,1530,12055.71
1365,166,221.14,415.26,4.13,1530,12055.71
1366,166,221.14,415.26,4.13,1530,12055.71
1367,166,221.14,415.26,4.13,1530,12055.71
1368,73.7,212.92,407.03,4.13,1676,12511.74
1369,73.7,212.92,407.03,4.13,1676,12511.74
1370,73.7,212.92,407.03,4.13,1676,12511.74
1371,73.7,212.92,407.03,4.13,1676,12511.74
1372,73.7,212.92,407.03,4.13,1676,12511.74
1373,73.7,212.92,407.03,4.13,1676,12511.74
1374,73.7,212.92,407.03,4.13,1676,12511.74
1375,73.7,212.92,407.03,4.13,1676,12511.74
1376,73.7,212.92,407.03,4.13,1676,12511.74
1377,73.7,212.92,407.03,4.13,1676,12511.74
1378,73.7,212.92,407.03,4.13,1676,12511.74
1379,73.7,212.92,407.03,4.13,1676,12511.74
1380,73.7,212.92,407.03,4.13,1676,12511.74
1381,73.7,212.92,407.03,4.13,1676,12511.74
1382,73.7,212.92,407.03,4.13,1676,12511.74
1383,73.7,212.92,407.03,4.13,1676,12511.74
1384,73.7,212.92,407.03,4.13,1676,12511.74
1385,73.7,212.92,407.03,4.13,1676,12511.74
1386,73.7,212.92,407.03,4.13,1676,12511.74
1387,73.7,212.92,407.03,4.13,1676,12511.74
1388,73.7,212.92,407.03,4.13,1676,12511.74
1389,73.7,212.92,407.03,4.13,1676,12511.74
1390,73.7,212.92,407.03,4.13,1676,12511.74
1391,73.7,212.92,407.03,4.13,1676,12511.74
1392,73.7,212.92,407.03,4.13,1676,12511.74
1393,73.7,212.92,407.03,4.13,1676,12511.74
1394,73.7,212.92,407.03,4.13,1676,12511.74
1395,73.7,212.92,407.03,4.13,1676,12511.74
1396,73.7,212.92,407.03,4.13,1676,12511.74
1397,73.7,212.92,407.03,4.13,1676,12511.74
1398,73.7,212.92,407.03,4.13,1676,12511.74
1399,73.7,212.92,407.03,4.13,1676,12511.74
1400,73.7,212.92,407.03,4.13,1676,12511.74
1401,158.6,202.37,396.47,4.13,1550,13768.35
1402,158.6,202.37,396.47,4.13,1550,13768.35
1403,158.6,202.37,396.47,4.13,1550,13768.35
1404,158.6,202.37,396.47,4.13,1550,13768.35
1405,158.6,202.37,396.47,4.13,1550,13768.35
1406,158.6,202.37,396.47,4.13,1550,13768.35
1407,158.6,202.37,396.47,4.13,1550,13768.35
1408,158.6,202.37,396.47,4.13,1550,13768.35
1409,158.6,202.37,396.47,4.13,1550,13768.35
1410,158.6,202.37,396.47,4.13,1550,13768.35
1411,158.6,202.37,396.47,4.13,1550,13768.35
1412,158.6,202.37,396.47,4.13,1550,13768.35
1413,158.6,202.37,396.47,4.13,1550,13768.35
1414,158.6,202.37,396.47,4.13,1550,13768.35
1415,158.6,202.37,396.47,4.13,1550,13768.35
1416,158.6,202.37,396.47,4.13,1550,13768.35
1417,158.6,202.37,396.47,4.13,1550,13768.35
1418,158.6,202.37,396.47,4.13,1550,13768.35
1419,158.6,202.37,396.47,4.13,1550,13768.35
1420,158.6,202.37,396.47,4.13,1550,13768.35
1421,158.6,202.37,396.47,4.13,1550,13768.35
1422,158.6,202.37,396.47,4.13,1550,13768.35
1423,158.6,202.37,396.47,4.13,1550,13768.35
1424,158.6,202.37,396.47,4.13,1550,13768.35
1425,158.6,202.37,396.47,4.13,1550,13768.35
1426,158.6,202.37,396.47,4.13,1550,13768.35
1427,158.6,202.37,396.47,4.13,1550,13768.35
1428,158.6,202.37,396.47,4.13,1550,13768.35
1429,158.6,202.37,396.47,4.13,1550,13768.35
1430,158.6,202.37,396.47,4.13,1550,13768.35
1431,158.6,202.37,396.47,4.13,1550,13768.35
1432,158.6,202.37,396.47,4.13,1550,13768.35
1433,158.6,202.37,396.47,4.13,1550,13768.35
1434,158.6,202.37,396.47,4.13,1550,13768.35
1435,108.5,211.78,430.08,27.79,1684,12574.37
1436,108.5,211.78,430.08,27.79,1684,12574.37
1437,108.5,211.78,430.08,27.79,1684,12574.37
1438,108.5,211.78,430.08,27.79,1684,12574.37
1439,108.5,211.78,430.08,27.79,1684,12574.37
1440,108.5,211.78,430.08,27.79,1684,12574.37
1441,108.5,211.78,430.08,27.79,1684,12574.37
1442,108.5,211.78,430.08,27.79,1684,12574.37
1443,108.5,211.78,430.08,27.79,1684,12574.37
1444,108.5,211.78,430.08,27.79,1684,12574.37
1445,108.5,211.78,430.08,27.79,1684,12574.37
1446,108.5,211.78,430.08,27.79,1684,12574.37
1447,108.5,211.78,430.08,27.79,1684,12574.37
1448,108.5,211.78,430.08,27.79,1684,12574.37
1449,108.5,211.78,430.08,27.79,1684,12574.37
1450,108.5,211.78,430.08,27.79,1684,12574.37
1451,108.5,211.78,430.08,27.79,1684,12574.37
1452,108.5,211.78,430.08,27.79,1684,12574.37
1453,108.5,211.78,430.08,27.79,1684,12574.37
1454,108.5,211.78,430.08,27.79,1684,12574.37
1455,108.5,211.78,430.08,27.79,1684,12574.37
1456,108.5,211.78,430.08,27.79,1684,12574.37
1457,108.5,211.78,430.08,27.79,1684,12574.37
1458,108.5,211.78,430.08,27.79,1684,12574.37
1459,108.5,211.78,430.08,27.79,1684,12574.37
1460,108.5,211.78,430.08,27.79,1684,12574.37
1461,108.5,211.78,430.08,27.79,1684,12574.37
1462,108.5,211.78,430.08,27.79,1684,12574.37
1463,108.5,211.78,430.08,27.79,1684,12574.37
1464,108.5,211.78,430.08,27.79,1684,12574.37
1465,108.5,211.78,430.08,27.79,1684,12574.37
1466,108.5,211.78,430.08,27.79,1684,12574.37
1467,108.5,211.78,430.08,27.79,1684,12574.37
1468,177.2,206.46,412.26,17.99,1540,12888.7
1469,177.2,206.46,412.26,17.99,1540,12888.7
1470,177.2,206.46,412.26,17.99,1540,12888.7
1471,177.2,206.46,412.26,17.99,1540,12888.7
1472,177.2,206.46,412.26,17.99,1540,12888.7
1473,177.2,206.46,412.26,17.99,1540,12888.7
1474,177.2,206.46,412.26,17.99,1540,12888.7
1475,177.2,206.46,412.26,17.99,1540,12888.7
1476,177.2,206.46,412.26,17.99,1540,12888.7
1477,177.2,206.46,412.26,17.99,1540,12888.7
1478,177.2,206.46,412.26,17.99,1540,12888.7
1479,177.2,206.46,412.26,17.99,1540,12888.7
1480,177.2,206.46,412.26,17.99,1540,12888.7
1481,177.2,206.46,412.26,17.99,1540,12888.7
1482,177.2,206.46,412.26,17.99,1540,12888.7
1483,177.2,206.46,412.26,17.99,1540,12888.7
1484,177.2,206.46,412.26,17.99,1540,12888.7
1485,177.2,206.46,412.26,17.99,1540,12888.7
1486,177.2,206.46,412.26,17.99,1540,12888.7
1487,177.2,206.46,412.26,17.99,1540,12888.7
1488,177.2,206.46,412.26,17.99,1540,12888.7
1489,177.2,206.46,412.26,17.99,1540,12888.7
1490,177.2,206.46,412.26,17.99,1540,12888.7
1491,177.2,206.46,412.26,17.99,1540,12888.7
1492,177.2,206.46,412.26,17.99,1540,12888.7
1493,177.2,206.46,412.26,17.99,1540,12888.7
1494,177.2,206.46,412.26,17.99,1540,12888.7
1495,177.2,206.46,412.26,17.99,1540,12888.7
1496,177.2,206.46,412.26,17.99,1540,12888.7
1497,177.2,206.46,412.26,17.99,1540,12888.7
1498,177.2,206.46,412.26,17.99,1540,12888.7
1499,177.2,206.46,412.26,17.99,1540,12888.7
1500,177.2,206.46,412.26,17.99,1540,12888.7
1501,106.2,144.28,339.95,17.96,1658,18270.03
1502,106.2,144.28,339.95,17.96,1658,18270.03
1503,106.2,144.28,339.95,17.96,1658,18270.03
1504,106.2,144.28,339.95,17.96,1658,18270.03
1505,106.2,144.28,339.95,17.96,1658,18270.03
1506,106.2,144.28,339.95,17.96,1658,18270.03
1507,106.2,144.28,339.95,17.96,1658,18270.03
1508,106.2,144.28,339.95,17.96,1658,18270.03
1509,106.2,144.28,339.95,17.96,1658,18270.03
1510,106.2,144.28,339.95,17.96,1658,18270.03
1511,106.2,144.28,339.95,17.96,1658,18270.03
1512,106.2,144.28,339.95,17.96,1658,18270.03
1513,106.2,144.28,339.95,17.96,1658,18270.03
1514,106.2,144.28,339.95,17.96,1658,18270.03
1515,106.2,144.28,339.95,17.96,1658,18270.03
1516,106.2,144.28,339.95,17.96,1658,18270.03
1517,106.2,144.28,339.95,17.96,1658,18270.03
1518,106.2,144.28,339.95,17.96,1658,18270.03
1519,106.2,144.28,339.95,17.96,1658,18270.03
1520,106.2,144.28,339.95,17.96,1658,18270.03
1521,106.2,144.28,339.95,17.96,1658,18270.03
1522,106.2,144.28,339.95,17.96,1658,18270.03
1523,106.2,144.28,339.95,17.96,1658,18270.03
1524,106.2,144.28,339.95,17.96,1658,18270.03
1525,106.2,144.28,339.95,17.96,1658,18270.03
1526,106.2,144.28,339.95,17.96,1658,18270.03
1527,106.2,144.28,339.95,17.96,1658,18270.03
1528,106.2,144.28,339.95,17.96,1658,18270.03
1529,106.2,144.28,339.95,17.96,1658,18270.03
1530,106.2,144.28,339.95,17.96,1658,18270.03
1531,106.2,144.28,339.95,17.96,1658,18270.03
1532,106.2,144.28,339.95,17.96,1658,18270.03
1533,106.2,144.28,339.95,17.96,1658,18270.03
1534,106.2,144.28,339.95,17.96,1658,18270.03
1535,214.2,279.77,475.24,4.99,1220,9615.04
1536,214.2,279.77,475.24,4.99,1220,9615.04
1537,214.2,279.77,475.24,4.99,1220,9615.04
1538,214.2,279.77,475.24,4.99,1220,9615.04
1539,214.2,279.77,475.24,4.99,1220,9615.04
1540,214.2,279.77,475.24,4.99,1220,9615.04
1541,214.2,279.77,475.24,4.99,1220,9615.04
1542,214.2,279.77,475.24,4.99,1220,9615.04
1543,214.2,279.77,475.24,4.99,1220,9615.04
1544,214.2,279.77,475.24,4.99,1220,9615.04
1545,214.2,279.77,475.24,4.99,1220,9615.04
1546,214.2,279.77,475.24,4.99,1220,9615.04
1547,214.2,279.77,475.24,4.99,1220,9615.04
1548,214.2,279.77,475.24,4.99,1220,9615.04
1549,214.2,279.77,475.24,4.99,1220,9615.04
1550,214.2,279.77,475.24,4.99,1220,9615.04
1551,214.2,279.77,475.24,4.99,1220,9615.04
1552,214.2,279.77,475.24,4.99,1220,9615.04
1553,214.2,279.77,475.24,4.99,1220,9615.04
1554,214.2,279.77,475.24,4.99,1220,9615.04
1555,214.2,279.77,475.24,4.99,1220,9615.04
1556,214.2,279.77,475.24,4.99,1220,9615.04
1557,214.2,279.77,475.24,4.99,1220,9615.04
1558,214.2,279.77,475.24,4.99,1220,9615.04
1559,214.2,279.77,475.24,4.99,1220,9615.04
1560,214.2,279.77,475.24,4.99,1220,9615.04
1561,214.2,279.77,475.24,4.99,1220,9615.04
1562,214.2,279.77,475.24,4.99,1220,9615.04
1563,214.2,279.77,475.24,4.99,1220,9615.04
1564,214.2,279.77,475.24,4.99,1220,9615.04
1565,214.2,279.77,475.24,4.99,1220,9615.04
1566,214.2,279.77,475.24,4.99,1220,9615.04
1567,214.2,279.77,475.24,4.99,1220,9615.04
1568,129.2,260.24,455.52,4.99,1477,10305.87
1569,129.2,260.24,455.52,4.99,1477,10305.87
1570,129.2,260.24,455.52,4.99,1477,10305.87
1571,129.2,260.24,455.52,4.99,1477,10305.87
1572,129.2,260.24,455.52,4.99,1477,10305.87
1573,129.2,260.24,455.52,4.99,1477,10305.87
1574,129.2,260.24,455.52,4.99,1477,10305.87
1575,129.2,260.24,455.52,4.99,1477,10305.87
1576,129.2,260.24,455.52,4.99,1477,10305.87
1577,129.2,260.24,455.52,4.99,1477,10305.87
1578,129.2,260.24,455.52,4.99,1477,10305.87
1579,129.2,260.24,455.52,4.99,1477,10305.87
1580,129.2,260.24,455.52,4.99,1477,10305.87
1581,129.2,260.24,455.52,4.99,1477,10305.87
1582,129.2,260.24,455.52,4.99,1477,10305.87
1583,129.2,260.24,455.52,4.99,1477,10305.87
1584,129.2,260.24,455.52,4.99,1477,10305.87
1585,129.2,260.24,455.52,4.99,1477,10305.87
1586,129.2,260.24,455.52,4.99,1477,10305.87
1587,129.2,260.24,455.52,4.99,1477,10305.87
1588,129.2,260.24,455.52,4.99,1477,10305.87
1589,129.2,260.24,455.52,4.99,1477,10305.87
1590,129.2,260.24,455.52,4.99,1477,10305.87
1591,129.2,260.24,455.52,4.99,1477,10305.87
1592,129.2,260.24,455.52,4.99,1477,10305.87
1593,129.2,260.24,455.52,4.99,1477,10305.87
1594,129.2,260.24,455.52,4.99,1477,10305.87
1595,129.2,260.24,455.52,4.99,1477,10305.87
1596,129.2,260.24,455.52,4.99,1477,10305.87
1597,129.2,260.24,455.52,4.99,1477,10305.87
1598,129.2,260.24,455.52,4.99,1477,10305.87
1599,129.2,260.24,455.52,4.99,1477,10305.87
1600,129.2,260.24,455.52,4.99,1477,10305.87
1601,134.2,192,386.59,4.99,1664,13828.13
1602,134.2,192,386.59,4.99,1664,13828.13
1603,134.2,192,386.59,4.99,1664,13828.13
1604,134.2,192,386.59,4.99,1664,13828.13
1605,134.2,192,386.59,4.99,1664,13828.13
1606,134.2,192,386.59,4.99,1664,13828.13
1607,134.2,192,386.59,4.99,1664,13828.13
1608,134.2,192,386.59,4.99,1664,13828.13
1609,134.2,192,386.59,4.99,1664,13828.13
1610,134.2,192,386.59,4.99,1664,13828.13
1611,134.2,192,386.59,4.99,1664,13828.13
1612,134.2,192,386.59,4.99,1664,13828.13
1613,134.2,192,386.59,4.99,1664,13828.13
1614,134.2,192,386.59,4.99,1664,13828.13
1615,134.2,192,386.59,4.99,1664,13828.13
1616,134.2,192,386.59,4.99,1664,13828.13
1617,134.2,192,386.59,4.99,1664,13828.13
1618,134.2,192,386.59,4.99,1664,13828.13
1619,134.2,192,386.59,4.99,1664,13828.13
1620,134.2,192,386.59,4.99,1664,13828.13
1621,134.2,192,386.59,4.99,1664,13828.13
1622,134.2,192,386.59,4.99,1664,13828.13
1623,134.2,192,386.59,4.99,1664,13828.13
1624,134.2,192,386.59,4.99,1664,13828.13
1625,134.2,192,386.59,4.99,1664,13828.13
1626,134.2,192,386.59,4.99,1664,13828.13
1627,134.2,192,386.59,4.99,1664,13828.13
1628,134.2,192,386.59,4.99,1664,13828.13
1629,134.2,192,386.59,4.99,1664,13828.13
1630,134.2,192,386.59,4.99,1664,13828.13
1631,134.2,192,386.59,4.99,1664,13828.13
1632,134.2,192,386.59,4.99,1664,13828.13
1633,134.2,192,386.59,4.99,1664,13828.13
1634,134.2,192,386.59,4.99,1664,13828.13
1635,141.2,207.63,402.37,4.98,1633,12816.07
1636,141.2,207.63,402.37,4.98,1633,12816.07
1637,141.2,207.63,402.37,4.98,1633,12816.07
1638,141.2,207.63,402.37,4.98,1633,12816.07
1639,141.2,207.63,402.37,4.98,1633,12816.07
1640,141.2,207.63,402.37,4.98,1633,12816.07
1641,141.2,207.63,402.37,4.98,1633,12816.07
1642,141.2,207.63,402.37,4.98,1633,12816.07
1643,141.2,207.63,402.37,4.98,1633,12816.07
1644,141.2,207.63,402.37,4.98,1633,12816.07
1645,141.2,207.63,402.37,4.98,1633,12816.07
1646,141.2,207.63,402.37,4.98,1633,12816.07
1647,141.2,207.63,402.37,4.98,1633,12816.07
1648,141.2,207.63,402.37,4.98,1633,12816.07
1649,141.2,207.63,402.37,4.98,1633,12816.07
1650,141.2,207.63,402.37,4.98,1633,12816.07
1651,141.2,207.63,402.37,4.98,1633,12816.07
1652,141.2,207.63,402.37,4.98,1633,12816.07
1653,141.2,207.63,402.37,4.98,1633,12816.07
1654,141.2,207.63,402.37,4.98,1633,12816.07
1655,141.2,207.63,402.37,4.98,1633,12816.07
1656,141.2,207.63,402.37,4.98,1633,12816.07
1657,141.2,207.63,402.37,4.98,1633,12816.07
1658,141.2,207.63,402.37,4.98,1633,12816.07
1659,141.2,207.63,402.37,4.98,1633,12816.07
1660,141.2,207.63,402.37,4.98,1633,12816.07
1661,141.2,207.63,402.37,4.98,1633,12816.07
1662,141.2,207.63,402.37,4.98,1633,12816.07
1663,141.2,207.63,402.37,4.98,1633,12816.07
1664,141.2,207.63,402.37,4.98,1633,12816.07
1665,141.2,207.63,402.37,4.98,1633,12816.07
1666,141.2,207.63,402.37,4.98,1633,12816.07
1667,141.2,207.63,402.37,4.98,1633,12816.07
1668,139.2,189.71,383.71,3.99,1676,13989.77
1669,139.2,189.71,383.71,3.99,1676,13989.77
1670,139.2,189.71,383.71,3.99,1676,13989.77
1671,139.2,189.71,383.71,3.99,1676,13989.77
1672,139.2,189.71,383.71,3.99,1676,13989.77
1673,139.2,189.71,383.71,3.99,1676,13989.77
1674,139.2,189.71,383.71,3.99,1676,13989.77
1675,139.2,189.71,383.71,3.99,1676,13989.77
1676,139.2,189.71,383.71,3.99,1676,13989.77
1677,139.2,189.71,383.71,3.99,1676,13989.77
1678,139.2,189.71,383.71,3.99,1676,13989.77
1679,139.2,189.71,383.71,3.99,1676,13989.77
1680,139.2,189.71,383.71,3.99,1676,13989.77
1681,139.2,189.71,383.71,3.99,1676,13989.77
1682,139.2,189.71,383.71,3.99,1676,13989.77
1683,139.2,189.71,383.71,3.99,1676,13989.77
1684,139.2,189.71,383.71,3.99,1676,13989.77
1685,139.2,189.71,383.71,3.99,1676,13989.77
1686,139.2,189.71,383.71,3.99,1676,13989.77
1687,139.2,189.71,383.71,3.99,1676,13989.77
1688,139.2,189.71,383.71,3.99,1676,13989.77
1689,139.2,189.71,383.71,3.99,1676,13989.77
1690,139.2,189.71,383.71,3.99,1676,13989.77
1691,139.2,189.71,383.71,3.99,1676,13989.77
1692,139.2,189.71,383.71,3.99,1676,13989.77
1693,139.2,189.71,383.71,3.99,1676,13989.77
1694,139.2,189.71,383.71,3.99,1676,13989.77
1695,139.2,189.71,383.71,3.99,1676,13989.77
1696,139.2,189.71,383.71,3.99,1676,13989.77
1697,139.2,189.71,383.71,3.99,1676,13989.77
1698,139.2,189.71,383.71,3.99,1676,13989.77
1699,139.2,189.71,383.71,3.99,1676,13989.77
1700,139.2,189.71,383.71,3.99,1676,13989.77
1701,158.2,243,437,3.99,1718,11012.35
1702,158.2,243,437,3.99,1718,11012.35
1703,158.2,243,437,3.99,1718,11012.35
1704,158.2,243,437,3.99,1718,11012.35
1705,158.2,243,437,3.99,1718,11012.35
1706,158.2,243,437,3.99,1718,11012.35
1707,158.2,243,437,3.99,1718,11012.35
1708,158.2,243,437,3.99,1718,11012.35
1709,158.2,243,437,3.99,1718,11012.35
1710,158.2,243,437,3.99,1718,11012.35
1711,158.2,243,437,3.99,1718,11012.35
1712,158.2,243,437,3.99,1718,11012.35
1713,158.2,243,437,3.99,1718,11012.35
1714,158.2,243,437,3.99,1718,11012.35
1715,158.2,243,437,3.99,1718,11012.35
1716,158.2,243,437,3.99,1718,11012.35
1717,158.2,243,437,3.99,1718,11012.35
1718,158.2,243,437,3.99,1718,11012.35
1719,158.2,243,437,3.99,1718,11012.35
1720,158.2,243,437,3.99,1718,11012.35
1721,158.2,243,437,3.99,1718,11012.35
1722,158.2,243,437,3.99,1718,11012.35
1723,158.2,243,437,3.99,1718,11012.35
1724,158.2,243,437,3.99,1718,11012.35
1725,158.2,243,437,3.99,1718,11012.35
1726,158.2,243,437,3.99,1718,11012.35
1727,158.2,243,437,3.99,1718,11012.35
1728,158.2,243,437,3.99,1718,11012.35
1729,158.2,243,437,3.99,1718,11012.35
1730,158.2,243,437,3.99,1718,11012.35
1731,158.2,243,437,3.99,1718,11012.35
1732,158.2,243,437,3.99,1718,11012.35
1733,158.2,243,437,3.99,1718,11012.35
1734,158.2,243,437,3.99,1718,11012.35
1735,202.2,233.6,427.6,3.99,1518,11438.36
1736,202.2,233.6,427.6,3.99,1518,11438.36
1737,202.2,233.6,427.6,3.99,1518,11438.36
1738,202.2,233.6,427.6,3.99,1518,11438.36
1739,202.2,233.6,427.6,3.99,1518,11438.36
1740,202.2,233.6,427.6,3.99,1518,11438.36
1741,202.2,233.6,427.6,3.99,1518,11438.36
1742,202.2,233.6,427.6,3.99,1518,11438.36
1743,202.2,233.6,427.6,3.99,1518,11438.36
1744,202.2,233.6,427.6,3.99,1518,11438.36
1745,202.2,233.6,427.6,3.99,1518,11438.36
1746,202.2,233.6,427.6,3.99,1518,11438.36
1747,202.2,233.6,427.6,3.99,1518,11438.36
1748,202.2,233.6,427.6,3.99,1518,11438.36
1749,202.2,233.6,427.6,3.99,1518,11438.36
1750,202.2,233.6,427.6,3.99,1518,11438.36
1751,202.2,233.6,427.6,3.99,1518,11438.36
1752,202.2,233.6,427.6,3.99,1518,11438.36
1753,202.2,233.6,427.6,3.99,1518,11438.36
1754,202.2,233.6,427.6,3.99,1518,11438.36
1755,202.2,233.6,427.6,3.99,1518,11438.36
1756,202.2,233.6,427.6,3.99,1518,11438.36
1757,202.2,233.6,427.6,3.99,1518,11438.36
1758,202.2,233.6,427.6,3.99,1518,11438.36
1759,202.2,233.6,427.6,3.99,1518,11438.36
1760,202.2,233.6,427.6,3.99,1518,11438.36
1761,202.2,233.6,427.6,3.99,1518,11438.36
1762,202.2,233.6,427.6,3.99,1518,11438.36
1763,202.2,233.6,427.6,3.99,1518,11438.36
1764,202.2,233.6,427.6,3.99,1518,11438.36
1765,202.2,233.6,427.6,3.99,1518,11438.36
1766,202.2,233.6,427.6,3.99,1518,11438.36
1767,202.2,233.6,427.6,3.99,1518,11438.36
1768,131.2,223.6,417.6,3.99,1613,11932.02
1769,131.2,223.6,417.6,3.99,1613,11932.02
1770,131.2,223.6,417.6,3.99,1613,11932.02
1771,131.2,223.6,417.6,3.99,1613,11932.02
1772,131.2,223.6,417.6,3.99,1613,11932.02
1773,131.2,223.6,417.6,3.99,1613,11932.02
1774,131.2,223.6,417.6,3.99,1613,11932.02
1775,131.2,223.6,417.6,3.99,1613,11932.02
1776,131.2,223.6,417.6,3.99,1613,11932.02
1777,131.2,223.6,417.6,3.99,1613,11932.02
1778,131.2,223.6,417.6,3.99,1613,11932.02
1779,131.2,223.6,417.6,3.99,1613,11932.02
1780,131.2,223.6,417.6,3.99,1613,11932.02
1781,131.2,223.6,417.6,3.99,1613,11932.02
1782,131.2,223.6,417.6,3.99,1613,11932.02
1783,131.2,223.6,417.6,3.99,1613,11932.02
1784,131.2,223.6,417.6,3.99,1613,11932.02
1785,131.2,223.6,417.6,3.99,1613,11932.02
1786,131.2,223.6,417.6,3.99,1613,11932.02
1787,131.2,223.6,417.6,3.99,1613,11932.02
1788,131.2,223.6,417.6,3.99,1613,11932.02
1789,131.2,223.6,417.6,3.99,1613,11932.02
1790,131.2,223.6,417.6,3.99,1613,11932.02
1791,131.2,223.6,417.6,3.99,1613,11932.02
1792,131.2,223.6,417.6,3.99,1613,11932.02
1793,131.2,223.6,417.6,3.99,1613,11932.02
1794,131.2,223.6,417.6,3.99,1613,11932.02
1795,131.2,223.6,417.6,3.99,1613,11932.02
1796,131.2,223.6,417.6,3.99,1613,11932.02
1797,131.2,223.6,417.6,3.99,1613,11932.02
1798,131.2,223.6,417.6,3.99,1613,11932.02
1799,131.2,223.6,417.6,3.99,1613,11932.02
1800,131.2,223.6,417.6,3.99,1613,11932.02
1801,137.2,213.53,407.53,3.99,1647,12476
1802,137.2,213.53,407.53,3.99,1647,12476
1803,137.2,213.53,407.53,3.99,1647,12476
1804,137.2,213.53,407.53,3.99,1647,12476
1805,137.2,213.53,407.53,3.99,1647,12476
1806,137.2,213.53,407.53,3.99,1647,12476
1807,137.2,213.53,407.53,3.99,1647,12476
1808,137.2,213.53,407.53,3.99,1647,12476
1809,137.2,213.53,407.53,3.99,1647,12476
1810,137.2,213.53,407.53,3.99,1647,12476
1811,137.2,213.53,407.53,3.99,1647,12476
1812,137.2,213.53,407.53,3.99,1647,12476
1813,137.2,213.53,407.53,3.99,1647,12476
1814,137.2,213.53,407.53,3.99,1647,12476
1815,137.2,213.53,407.53,3.99,1647,12476
1816,137.2,213.53,407.53,3.99,1647,12476
1817,137.2,213.53,407.53,3.99,1647,12476
1818,137.2,213.53,407.53,3.99,1647,12476
1819,137.2,213.53,407.53,3.99,1647,12476
1820,137.2,213.53,407.53,3.99,1647,12476
1821,137.2,213.53,407.53,3.99,1647,12476
1822,137.2,213.53,407.53,3.99,1647,12476
1823,137.2,213.53,407.53,3.99,1647,12476
1824,137.2,213.53,407.53,3.99,1647,12476
1825,137.2,213.53,407.53,3.99,1647,12476
1826,137.2,213.53,407.53,3.99,1647,12476
1827,137.2,213.53,407.53,3.99,1647,12476
1828,137.2,213.53,407.53,3.99,1647,12476
1829,137.2,213.53,407.53,3.99,1647,12476
1830,137.2,213.53,407.53,3.99,1647,12476
1831,137.2,213.53,407.53,3.99,1647,12476
1832,137.2,213.53,407.53,3.99,1647,12476
1833,137.2,213.53,407.53,3.99,1647,12476
1834,137.2,213.53,407.53,3.99,1647,12476
1835,533.2,287.87,481.87,3.99,1382.79,9358.39
1836,533.2,287.87,481.87,3.99,1382.79,9358.39
1837,533.2,287.87,481.87,3.99,1382.79,9358.39
1838,533.2,287.87,481.87,3.99,1382.79,9358.39
1839,533.2,287.87,481.87,3.99,1382.79,9358.39
1840,533.2,287.87,481.87,3.99,1382.79,9358.39
1841,533.2,287.87,481.87,3.99,1382.79,9358.39
1842,533.2,287.87,481.87,3.99,1382.79,9358.39
1843,533.2,287.87,481.87,3.99,1382.79,9358.39
1844,533.2,287.87,481.87,3.99,1382.79,9358.39
1845,533.2,287.87,481.87,3.99,1382.79,9358.39
1846,533.2,287.87,481.87,3.99,1382.79,9358.39
1847,533.2,287.87,481.87,3.99,1382.79,9358.39
1848,533.2,287.87,481.87,3.99,1382.79,9358.39
1849,533.2,287.87,481.87,3.99,1382.79,9358.39
1850,533.2,287.87,481.87,3.99,1382.79,9358.39
1851,533.2,287.87,481.87,3.99,1382.79,9358.39
1852,533.2,287.87,481.87,3.99,1382.79,9358.39
1853,533.2,287.87,481.87,3.99,1382.79,9358.39
1854,533.2,287.87,481.87,3.99,1382.79,9358.39
1855,533.2,287.87,481.87,3.99,1382.79,9358.39
1856,533.2,287.87,481.87,3.99,1382.79,9358.39
1857,533.2,287.87,481.87,3.99,1382.79,9358.39
1858,533.2,287.87,481.87,3.99,1382.79,9358.39
1859,533.2,287.87,481.87,3.99,1382.79,9358.39
1860,533.2,287.87,481.87,3.99,1382.79,9358.39
1861,533.2,287.87,481.87,3.99,1382.79,9358.39
1862,533.2,287.87,481.87,3.99,1382.79,9358.39
1863,533.2,287.87,481.87,3.99,1382.79,9358.39
1864,533.2,287.87,481.87,3.99,1382.79,9358.39
1865,533.2,287.87,481.87,3.99,1382.79,9358.39
1866,533.2,287.87,481.87,3.99,1382.79,9358.39
1867,533.2,287.87,481.87,3.99,1382.79,9358.39
1868,441.2,282.97,476.97,3.99,1214,9513.38
1869,441.2,282.97,476.97,3.99,1214,9513.38
1870,441.2,282.97,476.97,3.99,1214,9513.38
1871,441.2,282.97,476.97,3.99,1214,9513.38
1872,441.2,282.97,476.97,3.99,1214,9513.38
1873,441.2,282.97,476.97,3.99,1214,9513.38
1874,441.2,282.97,476.97,3.99,1214,9513.38
1875,441.2,282.97,476.97,3.99,1214,9513.38
1876,441.2,282.97,476.97,3.99,1214,9513.38
1877,441.2,282.97,476.97,3.99,1214,9513.38
1878,441.2,282.97,476.97,3.99,1214,9513.38
1879,441.2,282.97,476.97,3.99,1214,9513.38
1880,441.2,282.97,476.97,3.99,1214,9513.38
1881,441.2,282.97,476.97,3.99,1214,9513.38
1882,441.2,282.97,476.97,3.99,1214,9513.38
1883,441.2,282.97,476.97,3.99,1214,9513.38
1884,441.2,282.97,476.97,3.99,1214,9513.38
1885,441.2,282.97,476.97,3.99,1214,9513.38
1886,441.2,282.97,476.97,3.99,1214,9513.38
1887,441.2,282.97,476.97,3.99,1214,9513.38
1888,441.2,282.97,476.97,3.99,1214,9513.38
1889,441.2,282.97,476.97,3.99,1214,9513.38
1890,441.2,282.97,476.97,3.99,1214,9513.38
1891,441.2,282.97,476.97,3.99,1214,9513.38
1892,441.2,282.97,476.97,3.99,1214,9513.38
1893,441.2,282.97,476.97,3.99,1214,9513.38
1894,441.2,282.97,476.97,3.99,1214,9513.38
1895,441.2,282.97,476.97,3.99,1214,9513.38
1896,441.2,282.97,476.97,3.99,1214,9513.38
1897,441.2,282.97,476.97,3.99,1214,9513.38
1898,441.2,282.97,476.97,3.99,1214,9513.38
1899,441.2,282.97,476.97,3.99,1214,9513.38
1900,441.2,282.97,476.97,3.99,1214,9513.38
1901,625.2,265.7,459.7,3.99,1606,10105.38
1902,625.2,265.7,459.7,3.99,1606,10105.38
1903,625.2,265.7,459.7,3.99,1606,10105.38
1904,625.2,265.7,459.7,3.99,1606,10105.38
1905,625.2,265.7,459.7,3.99,1606,10105.38
1906,625.2,265.7,459.7,3.99,1606,10105.38
1907,625.2,265.7,459.7,3.99,1606,10105.38
1908,625.2,265.7,459.7,3.99,1606,10105.38
1909,625.2,265.7,459.7,3.99,1606,10105.38
1910,625.2,265.7,459.7,3.99,1606,10105.38
1911,625.2,265.7,459.7,3.99,1606,10105.38
1912,625.2,265.7,459.7,3.99,1606,10105.38
1913,625.2,265.7,459.7,3.99,1606,10105.38
1914,625.2,265.7,459.7,3.99,1606,10105.38
1915,625.2,265.7,459.7,3.99,1606,10105.38
1916,625.2,265.7,459.7,3.99,1606,10105.38
1917,625.2,265.7,459.7,3.99,1606,10105.38
1918,625.2,265.7,459.7,3.99,1606,10105.38
1919,625.2,265.7,459.7,3.99,1606,10105.38
1920,625.2,265.7,459.7,3.99,1606,10105.38
1921,625.2,265.7,459.7,3.99,1606,10105.38
1922,625.2,265.7,459.7,3.99,1606,10105.38
1923,625.2,265.7,459.7,3.99,1606,10105.38
1924,625.2,265.7,459.7,3.99,1606,10105.38
1925,625.2,265.7,459.7,3.99,1606,10105.38
1926,625.2,265.7,459.7,3.99,1606,10105.38
1927,625.2,265.7,459.7,3.99,1606,10105.38
1928,625.2,265.7,459.7,3.99,1606,10105.38
1929,625.2,265.7,459.7,3.99,1606,10105.38
1930,625.2,265.7,459.7,3.99,1606,10105.38
1931,625.2,265.7,459.7,3.99,1606,10105.38
1932,625.2,265.7,459.7,3.99,1606,10105.38
1933,625.2,265.7,459.7,3.99,1606,10105.38
1934,625.2,265.7,459.7,3.99,1606,10105.38
1935,451.2,284.1,478.1,3.99,1319,9475.54
1936,451.2,284.1,478.1,3.99,1319,9475.54
1937,451.2,284.1,478.1,3.99,1319,9475.54
1938,451.2,284.1,478.1,3.99,1319,9475.54
1939,451.2,284.1,478.1,3.99,1319,9475.54
1940,451.2,284.1,478.1,3.99,1319,9475.54
1941,451.2,284.1,478.1,3.99,1319,9475.54
1942,451.2,284.1,478.1,3.99,1319,9475.54
1943,451.2,284.1,478.1,3.99,1319,9475.54
1944,451.2,284.1,478.1,3.99,1319,9475.54
1945,451.2,284.1,478.1,3.99,1319,9475.54
1946,451.2,284.1,478.1,3.99,1319,9475.54
1947,451.2,284.1,478.1,3.99,1319,9475.54
1948,451.2,284.1,478.1,3.99,1319,9475.54
1949,451.2,284.1,478.1,3.99,1319,9475.54
1950,451.2,284.1,478.1,3.99,1319,9475.54
1951,451.2,284.1,478.1,3.99,1319,9475.54
1952,451.2,284.1,478.1,3.99,1319,9475.54
1953,451.2,284.1,478.1,3.99,1319,9475.54
1954,451.2,284.1,478.1,3.99,1319,9475.54
1955,451.2,284.1,478.1,3.99,1319,9475.54
1956,451.2,284.1,478.1,3.99,1319,9475.54
1957,451.2,284.1,478.1,3.99,1319,9475.54
1958,451.2,284.1,478.1,3.99,1319,9475.54
1959,451.2,284.1,478.1,3.99,1319,9475.54
1960,451.2,284.1,478.1,3.99,1319,9475.54
1961,451.2,284.1,478.1,3.99,1319,9475.54
1962,451.2,284.1,478.1,3.99,1319,9475.54
1963,451.2,284.1,478.1,3.99,1319,9475.54
1964,451.2,284.1,478.1,3.99,1319,9475.54
1965,451.2,284.1,478.1,3.99,1319,9475.54
1966,451.2,284.1,478.1,3.99,1319,9475.54
1967,451.2,284.1,478.1,3.99,1319,9475.54
1968,185.2,275,484.7,14.01,1110.36,9789.09
1969,185.2,275,484.7,14.01,1110.36,9789.09
1970,185.2,275,484.7,14.01,1110.36,9789.09
1971,185.2,275,484.7,14.01,1110.36,9789.09
1972,185.2,275,484.7,14.01,1110.36,9789.09
1973,185.2,275,484.7,14.01,1110.36,9789.09
1974,185.2,275,484.7,14.01,1110.36,9789.09
1975,185.2,275,484.7,14.01,1110.36,9789.09
1976,185.2,275,484.7,14.01,1110.36,9789.09
1977,185.2,275,484.7,14.01,1110.36,9789.09
1978,185.2,275,484.7,14.01,1110.36,9789.09
1979,185.2,275,484.7,14.01,1110.36,9789.09
1980,185.2,275,484.7,14.01,1110.36,9789.09
1981,185.2,275,484.7,14.01,1110.36,9789.09
1982,185.2,275,484.7,14.01,1110.36,9789.09
1983,185.2,275,484.7,14.01,1110.36,9789.09
1984,185.2,275,484.7,14.01,1110.36,9789.09
1985,185.2,275,484.7,14.01,1110.36,9789.09
1986,185.2,275,484.7,14.01,1110.36,9789.09
1987,185.2,275,484.7,14.01,1110.36,9789.09
1988,185.2,275,484.7,14.01,1110.36,9789.09
1989,185.2,275,484.7,14.01,1110.36,9789.09
1990,185.2,275,484.7,14.01,1110.36,9789.09
1991,185.2,275,484.7,14.01,1110.36,9789.09
1992,185.2,275,484.7,14.01,1110.36,9789.09
1993,185.2,275,484.7,14.01,1110.36,9789.09
1994,185.2,275,484.7,14.01,1110.36,9789.09
1995,185.2,275,484.7,14.01,1110.36,9789.09
1996,185.2,275,484.7,14.01,1110.36,9789.09
1997,185.2,275,484.7,14.01,1110.36,9789.09
1998,185.2,275,484.7,14.01,1110.36,9789.09
1999,185.2,275,484.7,14.01,1110.36,9789.09
2000,185.2,275,484.7,14.01,1110.36,9789.09
2001,430.2,297.1,509.2,13.98,968,9094.58
2002,430.2,297.1,509.2,13.98,968,9094.58
2003,430.2,297.1,509.2,13.98,968,9094.58
2004,430.2,297.1,509.2,13.98,968,9094.58
2005,430.2,297.1,509.2,13.98,968,9094.58
2006,430.2,297.1,509.2,13.98,968,9094.58
2007,430.2,297.1,509.2,13.98,968,9094.58
2008,430.2,297.1,509.2,13.98,968,9094.58
2009,430.2,297.1,509.2,13.98,968,9094.58
2010,430.2,297.1,509.2,13.98,968,9094.58
2011,430.2,297.1,509.2,13.98,968,9094.58
2012,430.2,297.1,509.2,13.98,968,9094.58
2013,430.2,297.1,509.2,13.98,968,9094.58
2014,430.2,297.1,509.2,13.98,968,9094.58
2015,430.2,297.1,509.2,13.98,968,9094.58
2016,430.2,297.1,509.2,13.98,968,9094.58
2017,430.2,297.1,509.2,13.98,968,9094.58
2018,430.2,297.1,509.2,13.98,968,9094.58
2019,430.2,297.1,509.2,13.98,968,9094.58
2020,430.2,297.1,509.2,13.98,968,9094.58
2021,430.2,297.1,509.2,13.98,968,9094.58
2022,430.2,297.1,509.2,13.98,968,9094.58
2023,430.2,297.1,509.2,13.98,968,9094.58
2024,430.2,297.1,509.2,13.98,968,9094.58
2025,430.2,297.1,509.2,13.98,968,9094.58
2026,430.2,297.1,509.2,13.98,968,9094.58
2027,430.2,297.1,509.2,13.98,968,9094.58
2028,430.2,297.1,509.2,13.98,968,9094.58
2029,430.2,297.1,509.2,13.98,968,9094.58
2030,430.2,297.1,509.2,13.98,968,9094.58
2031,430.2,297.1,509.2,13.98,968,9094.58
2032,430.2,297.1,509.2,13.98,968,9094.58
2033,430.2,297.1,509.2,13.98,968,9094.58
2034,430.2,297.1,509.2,13.98,968,9094.58
2035,454.2,275.26,484.96,13.99,1116.6,9768.95
2036,454.2,275.26,484.96,13.99,1116.6,9768.95
2037,454.2,275.26,484.96,13.99,1116.6,9768.95
2038,454.2,275.26,484.96,13.99,1116.6,9768.95
2039,454.2,275.26,484.96,13.99,1116.6,9768.95
2040,454.2,275.26,484.96,13.99,1116.6,9768.95
2041,454.2,275.26,484.96,13.99,1116.6,9768.95
2042,454.2,275.26,484.96,13.99,1116.6,9768.95
2043,454.2,275.26,484.96,13.99,1116.6,9768.95
2044,454.2,275.26,484.96,13.99,1116.6,9768.95
2045,454.2,275.26,484.96,13.99,1116.6,9768.95
2046,454.2,275.26,484.96,13.99,1116.6,9768.95
2047,454.2,275.26,484.96,13.99,1116.6,9768.95
2048,454.2,275.26,484.96,13.99,1116.6,9768.95
2049,454.2,275.26,484.96,13.99,1116.6,9768.95
2050,454.2,275.26,484.96,13.99,1116.6,9768.95
2051,454.2,275.26,484.96,13.99,1116.6,9768.95
2052,454.2,275.26,484.96,13.99,1116.6,9768.95
2053,454.2,275.26,484.96,13.99,1116.6,9768.95
2054,454.2,275.26,484.96,13.99,1116.6,9768.95
2055,454.2,275.26,484.96,13.99,1116.6,9768.95
2056,454.2,275.26,484.96,13.99,1116.6,9768.95
2057,454.2,275.26,484.96,13.99,1116.6,9768.95
2058,454.2,275.26,484.96,13.99,1116.6,9768.95
2059,454.2,275.26,484.96,13.99,1116.6,9768.95
2060,454.2,275.26,484.96,13.99,1116.6,9768.95
2061,454.2,275.26,484.96,13.99,1116.6,9768.95
2062,454.2,275.26,484.96,13.99,1116.6,9768.95
2063,454.2,275.26,484.96,13.99,1116.6,9768.95
2064,454.2,275.26,484.96,13.99,1116.6,9768.95
2065,454.2,275.26,484.96,13.99,1116.6,9768.95
2066,454.2,275.26,484.96,13.99,1116.6,9768.95
2067,454.2,275.26,484.96,13.99,1116.6,9768.95
2068,458.2,262.4,470.7,14.01,1139,10221.04
2069,458.2,262.4,470.7,14.01,1139,10221.04
2070,458.2,262.4,470.7,14.01,1139,10221.04
2071,458.2,262.4,470.7,14.01,1139,10221.04
2072,458.2,262.4,470.7,14.01,1139,10221.04
2073,458.2,262.4,470.7,14.01,1139,10221.04
2074,458.2,262.4,470.7,14.01,1139,10221.04
2075,458.2,262.4,470.7,14.01,1139,10221.04
2076,458.2,262.4,470.7,14.01,1139,10221.04
2077,458.2,262.4,470.7,14.01,1139,10221.04
2078,458.2,262.4,470.7,14.01,1139,10221.04
2079,458.2,262.4,470.7,14.01,1139,10221.04
2080,458.2,262.4,470.7,14.01,1139,10221.04
2081,458.2,262.4,470.7,14.01,1139,10221.04
2082,458.2,262.4,470.7,14.01,1139,10221.04
2083,458.2,262.4,470.7,14.01,1139,10221.04
2084,458.2,262.4,470.7,14.01,1139,10221.04
2085,458.2,262.4,470.7,14.01,1139,10221.04
2086,458.2,262.4,470.7,14.01,1139,10221.04
2087,458.2,262.4,470.7,14.01,1139,10221.04
2088,458.2,262.4,470.7,14.01,1139,10221.04
2089,458.2,262.4,470.7,14.01,1139,10221.04
2090,458.2,262.4,470.7,14.01,1139,10221.04
2091,458.2,262.4,470.7,14.01,1139,10221.04
2092,458.2,262.4,470.7,14.01,1139,10221.04
2093,458.2,262.4,470.7,14.01,1139,10221.04
2094,458.2,262.4,470.7,14.01,1139,10221.04
2095,458.2,262.4,470.7,14.01,1139,10221.04
2096,458.2,262.4,470.7,14.01,1139,10221.04
2097,458.2,262.4,470.7,14.01,1139,10221.04
2098,458.2,262.4,470.7,14.01,1139,10221.04
2099,458.2,262.4,470.7,14.01,1139,10221.04
2100,458.2,262.4,470.7,14.01,1139,10221.04
2101,179.2,274.5,480.7,11.98,869.64,9806.92
2102,179.2,274.5,480.7,11.98,869.64,9806.92
2103,179.2,274.5,480.7,11.98,869.64,9806.92
2104,179.2,274.5,480.7,11.98,869.64,9806.92
2105,179.2,274.5,480.7,11.98,869.64,9806.92
2106,179.2,274.5,480.7,11.98,869.64,9806.92
2107,179.2,274.5,480.7,11.98,869.64,9806.92
2108,179.2,274.5,480.7,11.98,869.64,9806.92
2109,179.2,274.5,480.7,11.98,869.64,9806.92
2110,179.2,274.5,480.7,11.98,869.64,9806.92
2111,179.2,274.5,480.7,11.98,869.64,9806.92
2112,179.2,274.5,480.7,11.98,869.64,9806.92
2113,179.2,274.5,480.7,11.98,869.64,9806.92
2114,179.2,274.5,480.7,11.98,869.64,9806.92
2115,179.2,274.5,480.7,11.98,869.64,9806.92
2116,179.2,274.5,480.7,11.98,869.64,9806.92
2117,179.2,274.5,480.7,11.98,869.64,9806.92
2118,179.2,274.5,480.7,11.98,869.64,9806.92
2119,179.2,274.5,480.7,11.98,869.64,9806.92
2120,179.2,274.5,480.7,11.98,869.64,9806.92
2121,179.2,274.5,480.7,11.98,869.64,9806.92
2122,179.2,274.5,480.7,11.98,869.64,9806.92
2123,179.2,274.5,480.7,11.98,869.64,9806.92
2124,179.2,274.5,480.7,11.98,869.64,9806.92
2125,179.2,274.5,480.7,11.98,869.64,9806.92
2126,179.2,274.5,480.7,11.98,869.64,9806.92
2127,179.2,274.5,480.7,11.98,869.64,9806.92
2128,179.2,274.5,480.7,11.98,869.64,9806.92
2129,179.2,274.5,480.7,11.98,869.64,9806.92
2130,179.2,274.5,480.7,11.98,869.64,9806.92
2131,179.2,274.5,480.7,11.98,869.64,9806.92
2132,179.2,274.5,480.7,11.98,869.64,9806.92
2133,179.2,274.5,480.7,11.98,869.64,9806.92
2134,179.2,274.5,480.7,11.98,869.64,9806.92
2135,398.2,285.7,492.9,11.99,1105.68,9422.47
2136,398.2,285.7,492.9,11.99,1105.68,9422.47
2137,398.2,285.7,492.9,11.99,1105.68,9422.47
2138,398.2,285.7,492.9,11.99,1105.68,9422.47
2139,398.2,285.7,492.9,11.99,1105.68,9422.47
2140,398.2,285.7,492.9,11.99,1105.68,9422.47
2141,398.2,285.7,492.9,11.99,1105.68,9422.47
2142,398.2,285.7,492.9,11.99,1105.68,9422.47
2143,398.2,285.7,492.9,11.99,1105.68,9422.47
2144,398.2,285.7,492.9,11.99,1105.68,9422.47
2145,398.2,285.7,492.9,11.99,1105.68,9422.47
2146,398.2,285.7,492.9,11.99,1105.68,9422.47
2147,398.2,285.7,492.9,11.99,1105.68,9422.47
2148,398.2,285.7,492.9,11.99,1105.68,9422.47
2149,398.2,285.7,492.9,11.99,1105.68,9422.47
2150,398.2,285.7,492.9,11.99,1105.68,9422.47
2151,398.2,285.7,492.9,11.99,1105.68,9422.47
2152,398.2,285.7,492.9,11.99,1105.68,9422.47
2153,398.2,285.7,492.9,11.99,1105.68,9422.47
2154,398.2,285.7,492.9,11.99,1105.68,9422.47
2155,398.2,285.7,492.9,11.99,1105.68,9422.47
2156,398.2,285.7,492.9,11.99,1105.68,9422.47
2157,398.2,285.7,492.9,11.99,1105.68,9422.47
2158,398.2,285.7,492.9,11.99,1105.68,9422.47
2159,398.2,285.7,492.9,11.99,1105.68,9422.47
2160,398.2,285.7,492.9,11.99,1105.68,9422.47
2161,398.2,285.7,492.9,11.99,1105.68,9422.47
2162,398.2,285.7,492.9,11.99,1105.68,9422.47
2163,398.2,285.7,492.9,11.99,1105.68,9422.47
2164,398.2,285.7,492.9,11.99,1105.68,9422.47
2165,398.2,285.7,492.9,11.99,1105.68,9422.47
2166,398.2,285.7,492.9,11.99,1105.68,9422.47
2167,398.2,285.7,492.9,11.99,1105.68,9422.47
2168,416.2,234.42,437.15,11.99,1375,11398.34
2169,416.2,234.42,437.15,11.99,1375,11398.34
2170,416.2,234.42,437.15,11.99,1375,11398.34
2171,416.2,234.42,437.15,11.99,1375,11398.34
2172,416.2,234.42,437.15,11.99,1375,11398.34
2173,416.2,234.42,437.15,11.99,1375,11398.34
2174,416.2,234.42,437.15,11.99,1375,11398.34
2175,416.2,234.42,437.15,11.99,1375,11398.34
2176,416.2,234.42,437.15,11.99,1375,11398.34
2177,416.2,234.42,437.15,11.99,1375,11398.34
2178,416.2,234.42,437.15,11.99,1375,11398.34
2179,416.2,234.42,437.15,11.99,1375,11398.34
2180,416.2,234.42,437.15,11.99,1375,11398.34
2181,416.2,234.42,437.15,11.99,1375,11398.34
2182,416.2,234.42,437.15,11.99,1375,11398.34
2183,416.2,234.42,437.15,11.99,1375,11398.34
2184,416.2,234.42,437.15,11.99,1375,11398.34
2185,416.2,234.42,437.15,11.99,1375,11398.34
2186,416.2,234.42,437.15,11.99,1375,11398.34
2187,416.2,234.42,437.15,11.99,1375,11398.34
2188,416.2,234.42,437.15,11.99,1375,11398.34
2189,416.2,234.42,437.15,11.99,1375,11398.34
2190,416.2,234.42,437.15,11.99,1375,11398.34
2191,416.2,234.42,437.15,11.99,1375,11398.34
2192,416.2,234.42,437.15,11.99,1375,11398.34
2193,416.2,234.42,437.15,11.99,1375,11398.34
2194,416.2,234.42,437.15,11.99,1375,11398.34
2195,416.2,234.42,437.15,11.99,1375,11398.34
2196,416.2,234.42,437.15,11.99,1375,11398.34
2197,416.2,234.42,437.15,11.99,1375,11398.34
2198,416.2,234.42,437.15,11.99,1375,11398.34
2199,416.2,234.42,437.15,11.99,1375,11398.34
2200,416.2,234.42,437.15,11.99,1375,11398.34
2201,312.2,279.65,475.12,4.99,1092.34,9619.17
2202,312.2,279.65,475.12,4.99,1092.34,9619.17
2203,312.2,279.65,475.12,4.99,1092.34,9619.17
2204,312.2,279.65,475.12,4.99,1092.34,9619.17
2205,312.2,279.65,475.12,4.99,1092.34,9619.17
2206,312.2,279.65,475.12,4.99,1092.34,9619.17
2207,312.2,279.65,475.12,4.99,1092.34,9619.17
2208,312.2,279.65,475.12,4.99,1092.34,9619.17
2209,312.2,279.65,475.12,4.99,1092.34,9619.17
2210,312.2,279.65,475.12,4.99,1092.34,9619.17
2211,312.2,279.65,475.12,4.99,1092.34,9619.17
2212,312.2,279.65,475.12,4.99,1092.34,9619.17
2213,312.2,279.65,475.12,4.99,1092.34,9619.17
2214,312.2,279.65,475.12,4.99,1092.34,9619.17
2215,312.2,279.65,475.12,4.99,1092.34,9619.17
2216,312.2,279.65,475.12,4.99,1092.34,9619.17
2217,312.2,279.65,475.12,4.99,1092.34,9619.17
2218,312.2,279.65,475.12,4.99,1092.34,9619.17
2219,312.2,279.65,475.12,4.99,1092.34,9619.17
2220,312.2,279.65,475.12,4.99,1092.34,9619.17
2221,312.2,279.65,475.12,4.99,1092.34,9619.17
2222,312.2,279.65,475.12,4.99,1092.34,9619.17
2223,312.2,279.65,475.12,4.99,1092.34,9619.17
2224,312.2,279.65,475.12,4.99,1092.34,9619.17
2225,312.2,279.65,475.12,4.99,1092.34,9619.17
2226,312.2,279.65,475.12,4.99,1092.34,9619.17
2227,312.2,279.65,475.12,4.99,1092.34,9619.17
2228,312.2,279.65,475.12,4.99,1092.34,9619.17
2229,312.2,279.65,475.12,4.99,1092.34,9619.17
2230,312.2,279.65,475.12,4.99,1092.34,9619.17
2231,312.2,279.65,475.12,4.99,1092.34,9619.17
2232,312.2,279.65,475.12,4.99,1092.34,9619.17
2233,312.2,279.65,475.12,4.99,1092.34,9619.17
2234,312.2,279.65,475.12,4.99,1092.34,9619.17
2235,350.2,262.4,457.7,4.99,1307.25,10221.04
2236,350.2,262.4,457.7,4.99,1307.25,10221.04
2237,350.2,262.4,457.7,4.99,1307.25,10221.04
2238,350.2,262.4,457.7,4.99,1307.25,10221.04
2239,350.2,262.4,457.7,4.99,1307.25,10221.04
2240,350.2,262.4,457.7,4.99,1307.25,10221.04
2241,350.2,262.4,457.7,4.99,1307.25,10221.04
2242,350.2,262.4,457.7,4.99,1307.25,10221.04
2243,350.2,262.4,457.7,4.99,1307.25,10221.04
2244,350.2,262.4,457.7,4.99,1307.25,10221.04
2245,350.2,262.4,457.7,4.99,1307.25,10221.04
2246,350.2,262.4,457.7,4.99,1307.25,10221.04
2247,350.2,262.4,457.7,4.99,1307.25,10221.04
2248,350.2,262.4,457.7,4.99,1307.25,10221.04
2249,350.2,262.4,457.7,4.99,1307.25,10221.04
2250,350.2,262.4,457.7,4.99,1307.25,10221.04
2251,350.2,262.4,457.7,4.99,1307.25,10221.04
2252,350.2,262.4,457.7,4.99,1307.25,10221.04
2253,350.2,262.4,457.7,4.99,1307.25,10221.04
2254,350.2,262.4,457.7,4.99,1307.25,10221.04
2255,350.2,262.4,457.7,4.99,1307.25,10221.04
2256,350.2,262.4,457.7,4.99,1307.25,10221.04
2257,350.2,262.4,457.7,4.99,1307.25,10221.04
2258,350.2,262.4,457.7,4.99,1307.25,10221.04
2259,350.2,262.4,457.7,4.99,1307.25,10221.04
2260,350.2,262.4,457.7,4.99,1307.25,10221.04
2261,350.2,262.4,457.7,4.99,1307.25,10221.04
2262,350.2,262.4,457.7,4.99,1307.25,10221.04
2263,350.2,262.4,457.7,4.99,1307.25,10221.04
2264,350.2,262.4,457.7,4.99,1307.25,10221.04
2265,350.2,262.4,457.7,4.99,1307.25,10221.04
2266,350.2,262.4,457.7,4.99,1307.25,10221.04
2267,350.2,262.4,457.7,4.99,1307.25,10221.04
2268,152.2,239.6,434.7,5.02,1522.25,11151.92
2269,152.2,239.6,434.7,5.02,1522.25,11151.92
2270,152.2,239.6,434.7,5.02,1522.25,11151.92
2271,152.2,239.6,434.7,5.02,1522.25,11151.92
2272,152.2,239.6,434.7,5.02,1522.25,11151.92
2273,152.2,239.6,434.7,5.02,1522.25,11151.92
2274,152.2,239.6,434.7,5.02,1522.25,11151.92
2275,152.2,239.6,434.7,5.02,1522.25,11151.92
2276,152.2,239.6,434.7,5.02,1522.25,11151.92
2277,152.2,239.6,434.7,5.02,1522.25,11151.92
2278,152.2,239.6,434.7,5.02,1522.25,11151.92
2279,152.2,239.6,434.7,5.02,1522.25,11151.92
2280,152.2,239.6,434.7,5.02,1522.25,11151.92
2281,152.2,239.6,434.7,5.02,1522.25,11151.92
2282,152.2,239.6,434.7,5.02,1522.25,11151.92
2283,152.2,239.6,434.7,5.02,1522.25,11151.92
2284,152.2,239.6,434.7,5.02,1522.25,11151.92
2285,152.2,239.6,434.7,5.02,1522.25,11151.92
2286,152.2,239.6,434.7,5.02,1522.25,11151.92
2287,152.2,239.6,434.7,5.02,1522.25,11151.92
2288,152.2,239.6,434.7,5.02,1522.25,11151.92
2289,152.2,239.6,434.7,5.02,1522.25,11151.92
2290,152.2,239.6,434.7,5.02,1522.25,11151.92
2291,152.2,239.6,434.7,5.02,1522.25,11151.92
2292,152.2,239.6,434.7,5.02,1522.25,11151.92
2293,152.2,239.6,434.7,5.02,1522.25,11151.92
2294,152.2,239.6,434.7,5.02,1522.25,11151.92
2295,152.2,239.6,434.7,5.02,1522.25,11151.92
2296,152.2,239.6,434.7,5.02,1522.25,11151.92
2297,152.2,239.6,434.7,5.02,1522.25,11151.92
2298,152.2,239.6,434.7,5.02,1522.25,11151.92
2299,152.2,239.6,434.7,5.02,1522.25,11151.92
2300,152.2,239.6,434.7,5.02,1522.25,11151.92
2301,160.2,236.23,431.26,4.98,1515.68,11315.24
2302,160.2,236.23,431.26,4.98,1515.68,11315.24
2303,160.2,236.23,431.26,4.98,1515.68,11315.24
2304,160.2,236.23,431.26,4.98,1515.68,11315.24
2305,160.2,236.23,431.26,4.98,1515.68,11315.24
2306,160.2,236.23,431.26,4.98,1515.68,11315.24
2307,160.2,236.23,431.26,4.98,1515.68,11315.24
2308,160.2,236.23,431.26,4.98,1515.68,11315.24
2309,160.2,236.23,431.26,4.98,1515.68,11315.24
2310,160.2,236.23,431.26,4.98,1515.68,11315.24
2311,160.2,236.23,431.26,4.98,1515.68,11315.24
2312,160.2,236.23,431.26,4.98,1515.68,11315.24
2313,160.2,236.23,431.26,4.98,1515.68,11315.24
2314,160.2,236.23,431.26,4.98,1515.68,11315.24
2315,160.2,236.23,431.26,4.98,1515.68,11315.24
2316,160.2,236.23,431.26,4.98,1515.68,11315.24
2317,160.2,236.23,431.26,4.98,1515.68,11315.24
2318,160.2,236.23,431.26,4.98,1515.68,11315.24
2319,160.2,236.23,431.26,4.98,1515.68,11315.24
2320,160.2,236.23,431.26,4.98,1515.68,11315.24
2321,160.2,236.23,431.26,4.98,1515.68,11315.24
2322,160.2,236.23,431.26,4.98,1515.68,11315.24
2323,160.2,236.23,431.26,4.98,1515.68,11315.24
2324,160.2,236.23,431.26,4.98,1515.68,11315.24
2325,160.2,236.23,431.26,4.98,1515.68,11315.24
2326,160.2,236.23,431.26,4.98,1515.68,11315.24
2327,160.2,236.23,431.26,4.98,1515.68,11315.24
2328,160.2,236.23,431.26,4.98,1515.68,11315.24
2329,160.2,236.23,431.26,4.98,1515.68,11315.24
2330,160.2,236.23,431.26,4.98,1515.68,11315.24
2331,160.2,236.23,431.26,4.98,1515.68,11315.24
2332,160.2,236.23,431.26,4.98,1515.68,11315.24
2333,160.2,236.23,431.26,4.98,1515.68,11315.24
2334,160.2,236.23,431.26,4.98,1515.68,11315.24
2335,167.2,251.72,446.91,4.99,1452.34,10642.78
2336,167.2,251.72,446.91,4.99,1452.34,10642.78
2337,167.2,251.72,446.91,4.99,1452.34,10642.78
2338,167.2,251.72,446.91,4.99,1452.34,10642.78
2339,167.2,251.72,446.91,4.99,1452.34,10642.78
2340,167.2,251.72,446.91,4.99,1452.34,10642.78
2341,167.2,251.72,446.91,4.99,1452.34,10642.78
2342,167.2,251.72,446.91,4.99,1452.34,10642.78
2343,167.2,251.72,446.91,4.99,1452.34,10642.78
2344,167.2,251.72,446.91,4.99,1452.34,10642.78
2345,167.2,251.72,446.91,4.99,1452.34,10642.78
2346,167.2,251.72,446.91,4.99,1452.34,10642.78
2347,167.2,251.72,446.91,4.99,1452.34,10642.78
2348,167.2,251.72,446.91,4.99,1452.34,10642.78
2349,167.2,251.72,446.91,4.99,1452.34,10642.78
2350,167.2,251.72,446.91,4.99,1452.34,10642.78
2351,167.2,251.72,446.91,4.99,1452.34,10642.78
2352,167.2,251.72,446.91,4.99,1452.34,10642.78
2353,167.2,251.72,446.91,4.99,1452.34,10642.78
2354,167.2,251.72,446.91,4.99,1452.34,10642.78
2355,167.2,251.72,446.91,4.99,1452.34,10642.78
2356,167.2,251.72,446.91,4.99,1452.34,10642.78
2357,167.2,251.72,446.91,4.99,1452.34,10642.78
2358,167.2,251.72,446.91,4.99,1452.34,10642.78
2359,167.2,251.72,446.91,4.99,1452.34,10642.78
2360,167.2,251.72,446.91,4.99,1452.34,10642.78
2361,167.2,251.72,446.91,4.99,1452.34,10642.78
2362,167.2,251.72,446.91,4.99,1452.34,10642.78
2363,167.2,251.72,446.91,4.99,1452.34,10642.78
2364,167.2,251.72,446.91,4.99,1452.34,10642.78
2365,167.2,251.72,446.91,4.99,1452.34,10642.78
2366,167.2,251.72,446.91,4.99,1452.34,10642.78
2367,167.2,251.72,446.91,4.99,1452.34,10642.78
2368,489.2,239.1,434.2,5.02,1333.4,11175.24
2369,489.2,239.1,434.2,5.02,1333.4,11175.24
2370,489.2,239.1,434.2,5.02,1333.4,11175.24
2371,489.2,239.1,434.2,5.02,1333.4,11175.24
2372,489.2,239.1,434.2,5.02,1333.4,11175.24
2373,489.2,239.1,434.2,5.02,1333.4,11175.24
2374,489.2,239.1,434.2,5.02,1333.4,11175.24
2375,489.2,239.1,434.2,5.02,1333.4,11175.24
2376,489.2,239.1,434.2,5.02,1333.4,11175.24
2377,489.2,239.1,434.2,5.02,1333.4,11175.24
2378,489.2,239.1,434.2,5.02,1333.4,11175.24
2379,489.2,239.1,434.2,5.02,1333.4,11175.24
2380,489.2,239.1,434.2,5.02,1333.4,11175.24
2381,489.2,239.1,434.2,5.02,1333.4,11175.24
2382,489.2,239.1,434.2,5.02,1333.4,11175.24
2383,489.2,239.1,434.2,5.02,1333.4,11175.24
2384,489.2,239.1,434.2,5.02,1333.4,11175.24
2385,489.2,239.1,434.2,5.02,1333.4,11175.24
2386,489.2,239.1,434.2,5.02,1333.4,11175.24
2387,489.2,239.1,434.2,5.02,1333.4,11175.24
2388,489.2,239.1,434.2,5.02,1333.4,11175.24
2389,489.2,239.1,434.2,5.02,1333.4,11175.24
2390,489.2,239.1,434.2,5.02,1333.4,11175.24
2391,489.2,239.1,434.2,5.02,1333.4,11175.24
2392,489.2,239.1,434.2,5.02,1333.4,11175.24
2393,489.2,239.1,434.2,5.02,1333.4,11175.24
2394,489.2,239.1,434.2,5.02,1333.4,11175.24
2395,489.2,239.1,434.2,5.02,1333.4,11175.24
2396,489.2,239.1,434.2,5.02,1333.4,11175.24
2397,489.2,239.1,434.2,5.02,1333.4,11175.24
2398,489.2,239.1,434.2,5.02,1333.4,11175.24
2399,489.2,239.1,434.2,5.02,1333.4,11175.24
2400,489.2,239.1,434.2,5.02,1333.4,11175.24
2401,438.2,235.1,430.1,4.97,1283,11365.38
2402,438.2,235.1,430.1,4.97,1283,11365.38
2403,438.2,235.1,430.1,4.97,1283,11365.38
2404,438.2,235.1,430.1,4.97,1283,11365.38
2405,438.2,235.1,430.1,4.97,1283,11365.38
2406,438.2,235.1,430.1,4.97,1283,11365.38
2407,438.2,235.1,430.1,4.97,1283,11365.38
2408,438.2,235.1,430.1,4.97,1283,11365.38
2409,438.2,235.1,430.1,4.97,1283,11365.38
2410,438.2,235.1,430.1,4.97,1283,11365.38
2411,438.2,235.1,430.1,4.97,1283,11365.38
2412,438.2,235.1,430.1,4.97,1283,11365.38
2413,438.2,235.1,430.1,4.97,1283,11365.38
2414,438.2,235.1,430.1,4.97,1283,11365.38
2415,438.2,235.1,430.1,4.97,1283,11365.38
2416,438.2,235.1,430.1,4.97,1283,11365.38
2417,438.2,235.1,430.1,4.97,1283,11365.38
2418,438.2,235.1,430.1,4.97,1283,11365.38
2419,438.2,235.1,430.1,4.97,1283,11365.38
2420,438.2,235.1,430.1,4.97,1283,11365.38
2421,438.2,235.1,430.1,4.97,1283,11365.38
2422,438.2,235.1,430.1,4.97,1283,11365.38
2423,438.2,235.1,430.1,4.97,1283,11365.38
2424,438.2,235.1,430.1,4.97,1283,11365.38
2425,438.2,235.1,430.1,4.97,1283,11365.38
2426,438.2,235.1,430.1,4.97,1283,11365.38
2427,438.2,235.1,430.1,4.97,1283,11365.38
2428,438.2,235.1,430.1,4.97,1283,11365.38
2429,438.2,235.1,430.1,4.97,1283,11365.38
2430,438.2,235.1,430.1,4.97,1283,11365.38
2431,438.2,235.1,430.1,4.97,1283,11365.38
2432,438.2,235.1,430.1,4.97,1283,11365.38
2433,438.2,235.1,430.1,4.97,1283,11365.38
2434,438.2,235.1,430.1,4.97,1283,11365.38
2435,309.2,256.6,451.8,4.96,1040.75,10452.07
2436,309.2,256.6,451.8,4.96,1040.75,10452.07
2437,309.2,256.6,451.8,4.96,1040.75,10452.07
2438,309.2,256.6,451.8,4.96,1040.75,10452.07
2439,309.2,256.6,451.8,4.96,1040.75,10452.07
2440,309.2,256.6,451.8,4.96,1040.75,10452.07
2441,309.2,256.6,451.8,4.96,1040.75,10452.07
2442,309.2,256.6,451.8,4.96,1040.75,10452.07
2443,309.2,256.6,451.8,4.96,1040.75,10452.07
2444,309.2,256.6,451.8,4.96,1040.75,10452.07
2445,309.2,256.6,451.8,4.96,1040.75,10452.07
2446,309.2,256.6,451.8,4.96,1040.75,10452.07
2447,309.2,256.6,451.8,4.96,1040.75,10452.07
2448,309.2,256.6,451.8,4.96,1040.75,10452.07
2449,309.2,256.6,451.8,4.96,1040.75,10452.07
2450,309.2,256.6,451.8,4.96,1040.75,10452.07
2451,309.2,256.6,451.8,4.96,1040.75,10452.07
2452,309.2,256.6,451.8,4.96,1040.75,10452.07
2453,309.2,256.6,451.8,4.96,1040.75,10452.07
2454,309.2,256.6,451.8,4.96,1040.75,10452.07
2455,309.2,256.6,451.8,4.96,1040.75,10452.07
2456,309.2,256.6,451.8,4.96,1040.75,10452.07
2457,309.2,256.6,451.8,4.96,1040.75,10452.07
2458,309.2,256.6,451.8,4.96,1040.75,10452.07
2459,309.2,256.6,451.8,4.96,1040.75,10452.07
2460,309.2,256.6,451.8,4.96,1040.75,10452.07
2461,309.2,256.6,451.8,4.96,1040.75,10452.07
2462,309.2,256.6,451.8,4.96,1040.75,10452.07
2463,309.2,256.6,451.8,4.96,1040.75,10452.07
2464,309.2,256.6,451.8,4.96,1040.75,10452.07
2465,309.2,256.6,451.8,4.96,1040.75,10452.07
2466,309.2,256.6,451.8,4.96,1040.75,10452.07
2467,309.2,256.6,451.8,4.96,1040.75,10452.07
2468,150.2,134,328,3.99,1588,19641.79
2469,150.2,134,328,3.99,1588,19641.79
2470,150.2,134,328,3.99,1588,19641.79
2471,150.2,134,328,3.99,1588,19641.79
2472,150.2,134,328,3.99,1588,19641.79
2473,150.2,134,328,3.99,1588,19641.79
2474,150.2,134,328,3.99,1588,19641.79
2475,150.2,134,328,3.99,1588,19641.79
2476,150.2,134,328,3.99,1588,19641.79
2477,150.2,134,328,3.99,1588,19641.79
2478,150.2,134,328,3.99,1588,19641.79
2479,150.2,134,328,3.99,1588,19641.79
2480,150.2,134,328,3.99,1588,19641.79
2481,150.2,134,328,3.99,1588,19641.79
2482,150.2,134,328,3.99,1588,19641.79
2483,150.2,134,328,3.99,1588,19641.79
2484,150.2,134,328,3.99,1588,19641.79
2485,150.2,134,328,3.99,1588,19641.79
2486,150.2,134,328,3.99,1588,19641.79
2487,150.2,134,328,3.99,1588,19641.79
2488,150.2,134,328,3.99,1588,19641.79
2489,150.2,134,328,3.99,1588,19641.79
2490,150.2,134,328,3.99,1588,19641.79
2491,150.2,134,328,3.99,1588,19641.79
2492,150.2,134,328,3.99,1588,19641.79
2493,150.2,134,328,3.99,1588,19641.79
2494,150.2,134,328,3.99,1588,19641.79
2495,150.2,134,328,3.99,1588,19641.79
2496,150.2,134,328,3.99,1588,19641.79
2497,150.2,134,328,3.99,1588,19641.79
2498,150.2,134,328,3.99,1588,19641.79
2499,150.2,134,328,3.99,1588,19641.79
2500,150.2,134,328,3.99,1588,19641.79
2501,332.2,327.1,523.1,5.01,834,8291.04
2502,332.2,327.1,523.1,5.01,834,8291.04
2503,332.2,327.1,523.1,5.01,834,8291.04
2504,332.2,327.1,523.1,5.01,834,8291.04
2505,332.2,327.1,523.1,5.01,834,8291.04
2506,332.2,327.1,523.1,5.01,834,8291.04
2507,332.2,327.1,523.1,5.01,834,8291.04
2508,332.2,327.1,523.1,5.01,834,8291.04
2509,332.2,327.1,523.1,5.01,834,8291.04
2510,332.2,327.1,523.1,5.01,834,8291.04
2511,332.2,327.1,523.1,5.01,834,8291.04
2512,332.2,327.1,523.1,5.01,834,8291.04
2513,332.2,327.1,523.1,5.01,834,8291.04
2514,332.2,327.1,523.1,5.01,834,8291.04
2515,332.2,327.1,523.1,5.01,834,8291.04
2516,332.2,327.1,523.1,5.01,834,8291.04
2517,332.2,327.1,523.1,5.01,834,8291.04
2518,332.2,327.1,523.1,5.01,834,8291.04
2519,332.2,327.1,523.1,5.01,834,8291.04
2520,332.2,327.1,523.1,5.01,834,8291.04
2521,332.2,327.1,523.1,5.01,834,8291.04
2522,332.2,327.1,523.1,5.01,834,8291.04
2523,332.2,327.1,523.1,5.01,834,8291.04
2524,332.2,327.1,523.1,5.01,834,8291.04
2525,332.2,327.1,523.1,5.01,834,8291.04
2526,332.2,327.1,523.1,5.01,834,8291.04
2527,332.2,327.1,523.1,5.01,834,8291.04
2528,332.2,327.1,523.1,5.01,834,8291.04
2529,332.2,327.1,523.1,5.01,834,8291.04
2530,332.2,327.1,523.1,5.01,834,8291.04
2531,332.2,327.1,523.1,5.01,834,8291.04
2532,332.2,327.1,523.1,5.01,834,8291.04
2533,332.2,327.1,523.1,5.01,834,8291.04
2534,332.2,327.1,523.1,5.01,834,8291.04
2535,289.2,268.9,464.3,5.01,1002,9973.97
2536,289.2,268.9,464.3,5.01,1002,9973.97
2537,289.2,268.9,464.3,5.01,1002,9973.97
2538,289.2,268.9,464.3,5.01,1002,9973.97
2539,289.2,268.9,464.3,5.01,1002,9973.97
2540,289.2,268.9,464.3,5.01,1002,9973.97
2541,289.2,268.9,464.3,5.01,1002,9973.97
2542,289.2,268.9,464.3,5.01,1002,9973.97
2543,289.2,268.9,464.3,5.01,1002,9973.97
2544,289.2,268.9,464.3,5.01,1002,9973.97
2545,289.2,268.9,464.3,5.01,1002,9973.97
2546,289.2,268.9,464.3,5.01,1002,9973.97
2547,289.2,268.9,464.3,5.01,1002,9973.97
2548,289.2,268.9,464.3,5.01,1002,9973.97
2549,289.2,268.9,464.3,5.01,1002,9973.97
2550,289.2,268.9,464.3,5.01,1002,9973.97
2551,289.2,268.9,464.3,5.01,1002,9973.97
2552,289.2,268.9,464.3,5.01,1002,9973.97
2553,289.2,268.9,464.3,5.01,1002,9973.97
2554,289.2,268.9,464.3,5.01,1002,9973.97
2555,289.2,268.9,464.3,5.01,1002,9973.97
2556,289.2,268.9,464.3,5.01,1002,9973.97
2557,289.2,268.9,464.3,5.01,1002,9973.97
2558,289.2,268.9,464.3,5.01,1002,9973.97
2559,289.2,268.9,464.3,5.01,1002,9973.97
2560,289.2,268.9,464.3,5.01,1002,9973.97
2561,289.2,268.9,464.3,5.01,1002,9973.97
2562,289.2,268.9,464.3,5.01,1002,9973.97
2563,289.2,268.9,464.3,5.01,1002,9973.97
2564,289.2,268.9,464.3,5.01,1002,9973.97
2565,289.2,268.9,464.3,5.01,1002,9973.97
2566,289.2,268.9,464.3,5.01,1002,9973.97
2567,289.2,268.9,464.3,5.01,1002,9973.97
2568,134.2,196.3,390.9,4.94,1482.58,13509.93
2569,134.2,196.3,390.9,4.94,1482.58,13509.93
2570,134.2,196.3,390.9,4.94,1482.58,13509.93
2571,134.2,196.3,390.9,4.94,1482.58,13509.93
2572,134.2,196.3,390.9,4.94,1482.58,13509.93
2573,134.2,196.3,390.9,4.94,1482.58,13509.93
2574,134.2,196.3,390.9,4.94,1482.58,13509.93
2575,134.2,196.3,390.9,4.94,1482.58,13509.93
2576,134.2,196.3,390.9,4.94,1482.58,13509.93
2577,134.2,196.3,390.9,4.94,1482.58,13509.93
2578,134.2,196.3,390.9,4.94,1482.58,13509.93
2579,134.2,196.3,390.9,4.94,1482.58,13509.93
2580,134.2,196.3,390.9,4.94,1482.58,13509.93
2581,134.2,196.3,390.9,4.94,1482.58,13509.93
2582,134.2,196.3,390.9,4.94,1482.58,13509.93
2583,134.2,196.3,390.9,4.94,1482.58,13509.93
2584,134.2,196.3,390.9,4.94,1482.58,13509.93
2585,134.2,196.3,390.9,4.94,1482.58,13509.93
2586,134.2,196.3,390.9,4.94,1482.58,13509.93
2587,134.2,196.3,390.9,4.94,1482.58,13509.93
2588,134.2,196.3,390.9,4.94,1482.58,13509.93
2589,134.2,196.3,390.9,4.94,1482.58,13509.93
2590,134.2,196.3,390.9,4.94,1482.58,13509.93
2591,134.2,196.3,390.9,4.94,1482.58,13509.93
2592,134.2,196.3,390.9,4.94,1482.58,13509.93
2593,134.2,196.3,390.9,4.94,1482.58,13509.93
2594,134.2,196.3,390.9,4.94,1482.58,13509.93
2595,134.2,196.3,390.9,4.94,1482.58,13509.93
2596,134.2,196.3,390.9,4.94,1482.58,13509.93
2597,134.2,196.3,390.9,4.94,1482.58,13509.93
2598,134.2,196.3,390.9,4.94,1482.58,13509.93
2599,134.2,196.3,390.9,4.94,1482.58,13509.93
2600,134.2,196.3,390.9,4.94,1482.58,13509.93
2601,54.2,260.12,460.32,8.67,1181,13463.02
2602,54.2,260.12,460.32,8.67,1181,13463.02
2603,54.2,260.12,460.32,8.67,1181,13463.02
2604,54.2,260.12,460.32,8.67,1181,13463.02
2605,54.2,260.12,460.32,8.67,1181,13463.02
2606,54.2,260.12,460.32,8.67,1181,13463.02
2607,54.2,260.12,460.32,8.67,1181,13463.02
2608,54.2,260.12,460.32,8.67,1181,13463.02
2609,54.2,260.12,460.32,8.67,1181,13463.02
2610,54.2,260.12,460.32,8.67,1181,13463.02
2611,54.2,260.12,460.32,8.67,1181,13463.02
2612,54.2,260.12,460.32,8.67,1181,13463.02
2613,54.2,260.12,460.32,8.67,1181,13463.02
2614,54.2,260.12,460.32,8.67,1181,13463.02
2615,54.2,260.12,460.32,8.67,1181,13463.02
2616,54.2,260.12,460.32,8.67,1181,13463.02
2617,54.2,260.12,460.32,8.67,1181,13463.02
2618,54.2,260.12,460.32,8.67,1181,13463.02
2619,54.2,260.12,460.32,8.67,1181,13463.02
2620,54.2,260.12,460.32,8.67,1181,13463.02
2621,54.2,260.12,460.32,8.67,1181,13463.02
2622,54.2,260.12,460.32,8.67,1181,13463.02
2623,54.2,260.12,460.32,8.67,1181,13463.02
2624,54.2,260.12,460.32,8.67,1181,13463.02
2625,54.2,260.12,460.32,8.67,1181,13463.02
2626,54.2,260.12,460.32,8.67,1181,13463.02
2627,54.2,260.12,460.32,8.67,1181,13463.02
2628,54.2,260.12,460.32,8.67,1181,13463.02
2629,54.2,260.12,460.32,8.67,1181,13463.02
2630,54.2,260.12,460.32,8.67,1181,13463.02
2631,54.2,260.12,460.32,8.67,1181,13463.02
2632,54.2,260.12,460.32,8.67,1181,13463.02
2633,54.2,260.12,460.32,8.67,1181,13463.02
2634,54.2,260.12,460.32,8.67,1181,13463.02
2635,54.2,238.43,436.78,7.99,1174.55,14519.98
2636,54.2,238.43,436.78,7.99,1174.55,14519.98
2637,54.2,238.43,436.78,7.99,1174.55,14519.98
2638,54.2,238.43,436.78,7.99,1174.55,14519.98
2639,54.2,238.43,436.78,7.99,1174.55,14519.98
2640,54.2,238.43,436.78,7.99,1174.55,14519.98
2641,54.2,238.43,436.78,7.99,1174.55,14519.98
2642,54.2,238.43,436.78,7.99,1174.55,14519.98
2643,54.2,238.43,436.78,7.99,1174.55,14519.98
2644,54.2,238.43,436.78,7.99,1174.55,14519.98
2645,54.2,238.43,436.78,7.99,1174.55,14519.98
2646,54.2,238.43,436.78,7.99,1174.55,14519.98
2647,54.2,238.43,436.78,7.99,1174.55,14519.98
2648,54.2,238.43,436.78,7.99,1174.55,14519.98
2649,54.2,238.43,436.78,7.99,1174.55,14519.98
2650,54.2,238.43,436.78,7.99,1174.55,14519.98
2651,54.2,238.43,436.78,7.99,1174.55,14519.98
2652,54.2,238.43,436.78,7.99,1174.55,14519.98
2653,54.2,238.43,436.78,7.99,1174.55,14519.98
2654,54.2,238.43,436.78,7.99,1174.55,14519.98
2655,54.2,238.43,436.78,7.99,1174.55,14519.98
2656,54.2,238.43,436.78,7.99,1174.55,14519.98
2657,54.2,238.43,436.78,7.99,1174.55,14519.98
2658,54.2,238.43,436.78,7.99,1174.55,14519.98
2659,54.2,238.43,436.78,7.99,1174.55,14519.98
2660,54.2,238.43,436.78,7.99,1174.55,14519.98
2661,54.2,238.43,436.78,7.99,1174.55,14519.98
2662,54.2,238.43,436.78,7.99,1174.55,14519.98
2663,54.2,238.43,436.78,7.99,1174.55,14519.98
2664,54.2,238.43,436.78,7.99,1174.55,14519.98
2665,54.2,238.43,436.78,7.99,1174.55,14519.98
2666,54.2,238.43,436.78,7.99,1174.55,14519.98
2667,54.2,238.43,436.78,7.99,1174.55,14519.98
2668,169.9,230.49,429.31,8.74,1525,11592.69
2669,169.9,230.49,429.31,8.74,1525,11592.69
2670,169.9,230.49,429.31,8.74,1525,11592.69
2671,169.9,230.49,429.31,8.74,1525,11592.69
2672,169.9,230.49,429.31,8.74,1525,11592.69
2673,169.9,230.49,429.31,8.74,1525,11592.69
2674,169.9,230.49,429.31,8.74,1525,11592.69
2675,169.9,230.49,429.31,8.74,1525,11592.69
2676,169.9,230.49,429.31,8.74,1525,11592.69
2677,169.9,230.49,429.31,8.74,1525,11592.69
2678,169.9,230.49,429.31,8.74,1525,11592.69
2679,169.9,230.49,429.31,8.74,1525,11592.69
2680,169.9,230.49,429.31,8.74,1525,11592.69
2681,169.9,230.49,429.31,8.74,1525,11592.69
2682,169.9,230.49,429.31,8.74,1525,11592.69
2683,169.9,230.49,429.31,8.74,1525,11592.69
2684,169.9,230.49,429.31,8.74,1525,11592.69
2685,169.9,230.49,429.31,8.74,1525,11592.69
2686,169.9,230.49,429.31,8.74,1525,11592.69
2687,169.9,230.49,429.31,8.74,1525,11592.69
2688,169.9,230.49,429.31,8.74,1525,11592.69
2689,169.9,230.49,429.31,8.74,1525,11592.69
2690,169.9,230.49,429.31,8.74,1525,11592.69
2691,169.9,230.49,429.31,8.74,1525,11592.69
2692,169.9,230.49,429.31,8.74,1525,11592.69
2693,169.9,230.49,429.31,8.74,1525,11592.69
2694,169.9,230.49,429.31,8.74,1525,11592.69
2695,169.9,230.49,429.31,8.74,1525,11592.69
2696,169.9,230.49,429.31,8.74,1525,11592.69
2697,169.9,230.49,429.31,8.74,1525,11592.69
2698,169.9,230.49,429.31,8.74,1525,11592.69
2699,169.9,230.49,429.31,8.74,1525,11592.69
2700,169.9,230.49,429.31,8.74,1525,11592.69
2701,281.2,236.7,435,8.01,1158.4,11288.55
2702,281.2,236.7,435,8.01,1158.4,11288.55
2703,281.2,236.7,435,8.01,1158.4,11288.55
2704,281.2,236.7,435,8.01,1158.4,11288.55
2705,281.2,236.7,435,8.01,1158.4,11288.55
2706,281.2,236.7,435,8.01,1158.4,11288.55
2707,281.2,236.7,435,8.01,1158.4,11288.55
2708,281.2,236.7,435,8.01,1158.4,11288.55
2709,281.2,236.7,435,8.01,1158.4,11288.55
2710,281.2,236.7,435,8.01,1158.4,11288.55
2711,281.2,236.7,435,8.01,1158.4,11288.55
2712,281.2,236.7,435,8.01,1158.4,11288.55
2713,281.2,236.7,435,8.01,1158.4,11288.55
2714,281.2,236.7,435,8.01,1158.4,11288.55
2715,281.2,236.7,435,8.01,1158.4,11288.55
2716,281.2,236.7,435,8.01,1158.4,11288.55
2717,281.2,236.7,435,8.01,1158.4,11288.55
2718,281.2,236.7,435,8.01,1158.4,11288.55
2719,281.2,236.7,435,8.01,1158.4,11288.55
2720,281.2,236.7,435,8.01,1158.4,11288.55
2721,281.2,236.7,435,8.01,1158.4,11288.55
2722,281.2,236.7,435,8.01,1158.4,11288.55
2723,281.2,236.7,435,8.01,1158.4,11288.55
2724,281.2,236.7,435,8.01,1158.4,11288.55
2725,281.2,236.7,435,8.01,1158.4,11288.55
2726,281.2,236.7,435,8.01,1158.4,11288.55
2727,281.2,236.7,435,8.01,1158.4,11288.55
2728,281.2,236.7,435,8.01,1158.4,11288.55
2729,281.2,236.7,435,8.01,1158.4,11288.55
2730,281.2,236.7,435,8.01,1158.4,11288.55
2731,281.2,236.7,435,8.01,1158.4,11288.55
2732,281.2,236.7,435,8.01,1158.4,11288.55
2733,281.2,236.7,435,8.01,1158.4,11288.55
2734,281.2,236.7,435,8.01,1158.4,11288.55
2735,190.2,196.9,393.5,7.96,1436,13519.55
2736,190.2,196.9,393.5,7.96,1436,13519.55
2737,190.2,196.9,393.5,7.96,1436,13519.55
2738,190.2,196.9,393.5,7.96,1436,13519.55
2739,190.2,196.9,393.5,7.96,1436,13519.55
2740,190.2,196.9,393.5,7.96,1436,13519.55
2741,190.2,196.9,393.5,7.96,1436,13519.55
2742,190.2,196.9,393.5,7.96,1436,13519.55
2743,190.2,196.9,393.5,7.96,1436,13519.55
2744,190.2,196.9,393.5,7.96,1436,13519.55
2745,190.2,196.9,393.5,7.96,1436,13519.55
2746,190.2,196.9,393.5,7.96,1436,13519.55
2747,190.2,196.9,393.5,7.96,1436,13519.55
2748,190.2,196.9,393.5,7.96,1436,13519.55
2749,190.2,196.9,393.5,7.96,1436,13519.55
2750,190.2,196.9,393.5,7.96,1436,13519.55
2751,190.2,196.9,393.5,7.96,1436,13519.55
2752,190.2,196.9,393.5,7.96,1436,13519.55
2753,190.2,196.9,393.5,7.96,1436,13519.55
2754,190.2,196.9,393.5,7.96,1436,13519.55
2755,190.2,196.9,393.5,7.96,1436,13519.55
2756,190.2,196.9,393.5,7.96,1436,13519.55
2757,190.2,196.9,393.5,7.96,1436,13519.55
2758,190.2,196.9,393.5,7.96,1436,13519.55
2759,190.2,196.9,393.5,7.96,1436,13519.55
2760,190.2,196.9,393.5,7.96,1436,13519.55
2761,190.2,196.9,393.5,7.96,1436,13519.55
2762,190.2,196.9,393.5,7.96,1436,13519.55
2763,190.2,196.9,393.5,7.96,1436,13519.55
2764,190.2,196.9,393.5,7.96,1436,13519.55
2765,190.2,196.9,393.5,7.96,1436,13519.55
2766,190.2,196.9,393.5,7.96,1436,13519.55
2767,190.2,196.9,393.5,7.96,1436,13519.55
2768,54.2,197.7,394.4,8.05,977,18168.94
2769,54.2,197.7,394.4,8.05,977,18168.94
2770,54.2,197.7,394.4,8.05,977,18168.94
2771,54.2,197.7,394.4,8.05,977,18168.94
2772,54.2,197.7,394.4,8.05,977,18168.94
2773,54.2,197.7,394.4,8.05,977,18168.94
2774,54.2,197.7,394.4,8.05,977,18168.94
2775,54.2,197.7,394.4,8.05,977,18168.94
2776,54.2,197.7,394.4,8.05,977,18168.94
2777,54.2,197.7,394.4,8.05,977,18168.94
2778,54.2,197.7,394.4,8.05,977,18168.94
2779,54.2,197.7,394.4,8.05,977,18168.94
2780,54.2,197.7,394.4,8.05,977,18168.94
2781,54.2,197.7,394.4,8.05,977,18168.94
2782,54.2,197.7,394.4,8.05,977,18168.94
2783,54.2,197.7,394.4,8.05,977,18168.94
2784,54.2,197.7,394.4,8.05,977,18168.94
2785,54.2,197.7,394.4,8.05,977,18168.94
2786,54.2,197.7,394.4,8.05,977,18168.94
2787,54.2,197.7,394.4,8.05,977,18168.94
2788,54.2,197.7,394.4,8.05,977,18168.94
2789,54.2,197.7,394.4,8.05,977,18168.94
2790,54.2,197.7,394.4,8.05,977,18168.94
2791,54.2,197.7,394.4,8.05,977,18168.94
2792,54.2,197.7,394.4,8.05,977,18168.94
2793,54.2,197.7,394.4,8.05,977,18168.94
2794,54.2,197.7,394.4,8.05,977,18168.94
2795,54.2,197.7,394.4,8.05,977,18168.94
2796,54.2,197.7,394.4,8.05,977,18168.94
2797,54.2,197.7,394.4,8.05,977,18168.94
2798,54.2,197.7,394.4,8.05,977,18168.94
2799,54.2,197.7,394.4,8.05,977,18168.94
2800,54.2,197.7,394.4,8.05,977,18168.94
2801,68.2,152.97,364.48,51.99,1532,21128.33
2802,68.2,152.97,364.48,51.99,1532,21128.33
2803,68.2,152.97,364.48,51.99,1532,21128.33
2804,68.2,152.97,364.48,51.99,1532,21128.33
2805,68.2,152.97,364.48,51.99,1532,21128.33
2806,68.2,152.97,364.48,51.99,1532,21128.33
2807,68.2,152.97,364.48,51.99,1532,21128.33
2808,68.2,152.97,364.48,51.99,1532,21128.33
2809,68.2,152.97,364.48,51.99,1532,21128.33
2810,68.2,152.97,364.48,51.99,1532,21128.33
2811,68.2,152.97,364.48,51.99,1532,21128.33
2812,68.2,152.97,364.48,51.99,1532,21128.33
2813,68.2,152.97,364.48,51.99,1532,21128.33
2814,68.2,152.97,364.48,51.99,1532,21128.33
2815,68.2,152.97,364.48,51.99,1532,21128.33
2816,68.2,152.97,364.48,51.99,1532,21128.33
2817,68.2,152.97,364.48,51.99,1532,21128.33
2818,68.2,152.97,364.48,51.99,1532,21128.33
2819,68.2,152.97,364.48,51.99,1532,21128.33
2820,68.2,152.97,364.48,51.99,1532,21128.33
2821,68.2,152.97,364.48,51.99,1532,21128.33
2822,68.2,152.97,364.48,51.99,1532,21128.33
2823,68.2,152.97,364.48,51.99,1532,21128.33
2824,68.2,152.97,364.48,51.99,1532,21128.33
2825,68.2,152.97,364.48,51.99,1532,21128.33
2826,68.2,152.97,364.48,51.99,1532,21128.33
2827,68.2,152.97,364.48,51.99,1532,21128.33
2828,68.2,152.97,364.48,51.99,1532,21128.33
2829,68.2,152.97,364.48,51.99,1532,21128.33
2830,68.2,152.97,364.48,51.99,1532,21128.33
2831,68.2,152.97,364.48,51.99,1532,21128.33
2832,68.2,152.97,364.48,51.99,1532,21128.33
2833,68.2,152.97,364.48,51.99,1532,21128.33
2834,68.2,152.97,364.48,51.99,1532,21128.33
2835,553.2,243,456.2,18.96,1311.42,11283.95
2836,553.2,243,456.2,18.96,1311.42,11283.95
2837,553.2,243,456.2,18.96,1311.42,11283.95
2838,553.2,243,456.2,18.96,1311.42,11283.95
2839,553.2,243,456.2,18.96,1311.42,11283.95
2840,553.2,243,456.2,18.96,1311.42,11283.95
2841,553.2,243,456.2,18.96,1311.42,11283.95
2842,553.2,243,456.2,18.96,1311.42,11283.95
2843,553.2,243,456.2,18.96,1311.42,11283.95
2844,553.2,243,456.2,18.96,1311.42,11283.95
2845,553.2,243,456.2,18.96,1311.42,11283.95
2846,553.2,243,456.2,18.96,1311.42,11283.95
2847,553.2,243,456.2,18.96,1311.42,11283.95
2848,553.2,243,456.2,18.96,1311.42,11283.95
2849,553.2,243,456.2,18.96,1311.42,11283.95
2850,553.2,243,456.2,18.96,1311.42,11283.95
2851,553.2,243,456.2,18.96,1311.42,11283.95
2852,553.2,243,456.2,18.96,1311.42,11283.95
2853,553.2,243,456.2,18.96,1311.42,11283.95
2854,553.2,243,456.2,18.96,1311.42,11283.95
2855,553.2,243,456.2,18.96,1311.42,11283.95
2856,553.2,243,456.2,18.96,1311.42,11283.95
2857,553.2,243,456.2,18.96,1311.42,11283.95
2858,553.2,243,456.2,18.96,1311.42,11283.95
2859,553.2,243,456.2,18.96,1311.42,11283.95
2860,553.2,243,456.2,18.96,1311.42,11283.95
2861,553.2,243,456.2,18.96,1311.42,11283.95
2862,553.2,243,456.2,18.96,1311.42,11283.95
2863,553.2,243,456.2,18.96,1311.42,11283.95
2864,553.2,243,456.2,18.96,1311.42,11283.95
2865,553.2,243,456.2,18.96,1311.42,11283.95
2866,553.2,243,456.2,18.96,1311.42,11283.95
2867,553.2,243,456.2,18.96,1311.42,11283.95
2868,54.2,208,513,63.99,769,18951.92
2869,54.2,208,513,63.99,769,18951.92
2870,54.2,208,513,63.99,769,18951.92
2871,54.2,208,513,63.99,769,18951.92
2872,54.2,208,513,63.99,769,18951.92
2873,54.2,208,513,63.99,769,18951.92
2874,54.2,208,513,63.99,769,18951.92
2875,54.2,208,513,63.99,769,18951.92
2876,54.2,208,513,63.99,769,18951.92
2877,54.2,208,513,63.99,769,18951.92
2878,54.2,208,513,63.99,769,18951.92
2879,54.2,208,513,63.99,769,18951.92
2880,54.2,208,513,63.99,769,18951.92
2881,54.2,208,513,63.99,769,18951.92
2882,54.2,208,513,63.99,769,18951.92
2883,54.2,208,513,63.99,769,18951.92
2884,54.2,208,513,63.99,769,18951.92
2885,54.2,208,513,63.99,769,18951.92
2886,54.2,208,513,63.99,769,18951.92
2887,54.2,208,513,63.99,769,18951.92
2888,54.2,208,513,63.99,769,18951.92
2889,54.2,208,513,63.99,769,18951.92
2890,54.2,208,513,63.99,769,18951.92
2891,54.2,208,513,63.99,769,18951.92
2892,54.2,208,513,63.99,769,18951.92
2893,54.2,208,513,63.99,769,18951.92
2894,54.2,208,513,63.99,769,18951.92
2895,54.2,208,513,63.99,769,18951.92
2896,54.2,208,513,63.99,769,18951.92
2897,54.2,208,513,63.99,769,18951.92
2898,54.2,208,513,63.99,769,18951.92
2899,54.2,208,513,63.99,769,18951.92
2900,54.2,208,513,63.99,769,18951.92
2901,676.2,187.6,462,63.99,1654,14296.38
2902,676.2,187.6,462,63.99,1654,14296.38
2903,676.2,187.6,462,63.99,1654,14296.38
2904,676.2,187.6,462,63.99,1654,14296.38
2905,676.2,187.6,462,63.99,1654,14296.38
2906,676.2,187.6,462,63.99,1654,14296.38
2907,676.2,187.6,462,63.99,1654,14296.38
2908,676.2,187.6,462,63.99,1654,14296.38
2909,676.2,187.6,462,63.99,1654,14296.38
2910,676.2,187.6,462,63.99,1654,14296.38
2911,676.2,187.6,462,63.99,1654,14296.38
2912,676.2,187.6,462,63.99,1654,14296.38
2913,676.2,187.6,462,63.99,1654,14296.38
2914,676.2,187.6,462,63.99,1654,14296.38
2915,676.2,187.6,462,63.99,1654,14296.38
2916,676.2,187.6,462,63.99,1654,14296.38
2917,676.2,187.6,462,63.99,1654,14296.38
2918,676.2,187.6,462,63.99,1654,14296.38
2919,676.2,187.6,462,63.99,1654,14296.38
2920,676.2,187.6,462,63.99,1654,14296.38
2921,676.2,187.6,462,63.99,1654,14296.38
2922,676.2,187.6,462,63.99,1654,14296.38
2923,676.2,187.6,462,63.99,1654,14296.38
2924,676.2,187.6,462,63.99,1654,14296.38
2925,676.2,187.6,462,63.99,1654,14296.38
2926,676.2,187.6,462,63.99,1654,14296.38
2927,676.2,187.6,462,63.99,1654,14296.38
2928,676.2,187.6,462,63.99,1654,14296.38
2929,676.2,187.6,462,63.99,1654,14296.38
2930,676.2,187.6,462,63.99,1654,14296.38
2931,676.2,187.6,462,63.99,1654,14296.38
2932,676.2,187.6,462,63.99,1654,14296.38
2933,676.2,187.6,462,63.99,1654,14296.38
2934,676.2,187.6,462,63.99,1654,14296.38
2935,424.2,286.2,507.1,19.01,988,9720.48
2936,424.2,286.2,507.1,19.01,988,9720.48
2937,424.2,286.2,507.1,19.01,988,9720.48
2938,424.2,286.2,507.1,19.01,988,9720.48
2939,424.2,286.2,507.1,19.01,988,9720.48
2940,424.2,286.2,507.1,19.01,988,9720.48
2941,424.2,286.2,507.1,19.01,988,9720.48
2942,424.2,286.2,507.1,19.01,988,9720.48
2943,424.2,286.2,507.1,19.01,988,9720.48
2944,424.2,286.2,507.1,19.01,988,9720.48
2945,424.2,286.2,507.1,19.01,988,9720.48
2946,424.2,286.2,507.1,19.01,988,9720.48
2947,424.2,286.2,507.1,19.01,988,9720.48
2948,424.2,286.2,507.1,19.01,988,9720.48
2949,424.2,286.2,507.1,19.01,988,9720.48
2950,424.2,286.2,507.1,19.01,988,9720.48
2951,424.2,286.2,507.1,19.01,988,9720.48
2952,424.2,286.2,507.1,19.01,988,9720.48
2953,424.2,286.2,507.1,19.01,988,9720.48
2954,424.2,286.2,507.1,19.01,988,9720.48
2955,424.2,286.2,507.1,19.01,988,9720.48
2956,424.2,286.2,507.1,19.01,988,9720.48
2957,424.2,286.2,507.1,19.01,988,9720.48
2958,424.2,286.2,507.1,19.01,988,9720.48
2959,424.2,286.2,507.1,19.01,988,9720.48
2960,424.2,286.2,507.1,19.01,988,9720.48
2961,424.2,286.2,507.1,19.01,988,9720.48
2962,424.2,286.2,507.1,19.01,988,9720.48
2963,424.2,286.2,507.1,19.01,988,9720.48
2964,424.2,286.2,507.1,19.01,988,9720.48
2965,424.2,286.2,507.1,19.01,988,9720.48
2966,424.2,286.2,507.1,19.01,988,9720.48
2967,424.2,286.2,507.1,19.01,988,9720.48
2968,173.2,233.7,445.3,18.99,1260.73,11690.2
2969,173.2,233.7,445.3,18.99,1260.73,11690.2
2970,173.2,233.7,445.3,18.99,1260.73,11690.2
2971,173.2,233.7,445.3,18.99,1260.73,11690.2
2972,173.2,233.7,445.3,18.99,1260.73,11690.2
2973,173.2,233.7,445.3,18.99,1260.73,11690.2
2974,173.2,233.7,445.3,18.99,1260.73,11690.2
2975,173.2,233.7,445.3,18.99,1260.73,11690.2
2976,173.2,233.7,445.3,18.99,1260.73,11690.2
2977,173.2,233.7,445.3,18.99,1260.73,11690.2
2978,173.2,233.7,445.3,18.99,1260.73,11690.2
2979,173.2,233.7,445.3,18.99,1260.73,11690.2
2980,173.2,233.7,445.3,18.99,1260.73,11690.2
2981,173.2,233.7,445.3,18.99,1260.73,11690.2
2982,173.2,233.7,445.3,18.99,1260.73,11690.2
2983,173.2,233.7,445.3,18.99,1260.73,11690.2
2984,173.2,233.7,445.3,18.99,1260.73,11690.2
2985,173.2,233.7,445.3,18.99,1260.73,11690.2
2986,173.2,233.7,445.3,18.99,1260.73,11690.2
2987,173.2,233.7,445.3,18.99,1260.73,11690.2
2988,173.2,233.7,445.3,18.99,1260.73,11690.2
2989,173.2,233.7,445.3,18.99,1260.73,11690.2
2990,173.2,233.7,445.3,18.99,1260.73,11690.2
2991,173.2,233.7,445.3,18.99,1260.73,11690.2
2992,173.2,233.7,445.3,18.99,1260.73,11690.2
2993,173.2,233.7,445.3,18.99,1260.73,11690.2
2994,173.2,233.7,445.3,18.99,1260.73,11690.2
2995,173.2,233.7,445.3,18.99,1260.73,11690.2
2996,173.2,233.7,445.3,18.99,1260.73,11690.2
2997,173.2,233.7,445.3,18.99,1260.73,11690.2
2998,173.2,233.7,445.3,18.99,1260.73,11690.2
2999,173.2,233.7,445.3,18.99,1260.73,11690.2
3000,173.2,233.7,445.3,18.99,1260.73,11690.2
3001,167.2,209.3,416.6,19,1296.92,12957.48
3002,167.2,209.3,416.6,19,1296.92,12957.48
3003,167.2,209.3,416.6,19,1296.92,12957.48
3004,167.2,209.3,416.6,19,1296.92,12957.48
3005,167.2,209.3,416.6,19,1296.92,12957.48
3006,167.2,209.3,416.6,19,1296.92,12957.48
3007,167.2,209.3,416.6,19,1296.92,12957.48
3008,167.2,209.3,416.6,19,1296.92,12957.48
3009,167.2,209.3,416.6,19,1296.92,12957.48
3010,167.2,209.3,416.6,19,1296.92,12957.48
3011,167.2,209.3,416.6,19,1296.92,12957.48
3012,167.2,209.3,416.6,19,1296.92,12957.48
3013,167.2,209.3,416.6,19,1296.92,12957.48
3014,167.2,209.3,416.6,19,1296.92,12957.48
3015,167.2,209.3,416.6,19,1296.92,12957.48
3016,167.2,209.3,416.6,19,1296.92,12957.48
3017,167.2,209.3,416.6,19,1296.92,12957.48
3018,167.2,209.3,416.6,19,1296.92,12957.48
3019,167.2,209.3,416.6,19,1296.92,12957.48
3020,167.2,209.3,416.6,19,1296.92,12957.48
3021,167.2,209.3,416.6,19,1296.92,12957.48
3022,167.2,209.3,416.6,19,1296.92,12957.48
3023,167.2,209.3,416.6,19,1296.92,12957.48
3024,167.2,209.3,416.6,19,1296.92,12957.48
3025,167.2,209.3,416.6,19,1296.92,12957.48
3026,167.2,209.3,416.6,19,1296.92,12957.48
3027,167.2,209.3,416.6,19,1296.92,12957.48
3028,167.2,209.3,416.6,19,1296.92,12957.48
3029,167.2,209.3,416.6,19,1296.92,12957.48
3030,167.2,209.3,416.6,19,1296.92,12957.48
3031,167.2,209.3,416.6,19,1296.92,12957.48
3032,167.2,209.3,416.6,19,1296.92,12957.48
3033,167.2,209.3,416.6,19,1296.92,12957.48
3034,167.2,209.3,416.6,19,1296.92,12957.48
3035,169.2,209.9,417.3,18.99,1583.37,13206.29
3036,169.2,209.9,417.3,18.99,1583.37,13206.29
3037,169.2,209.9,417.3,18.99,1583.37,13206.29
3038,169.2,209.9,417.3,18.99,1583.37,13206.29
3039,169.2,209.9,417.3,18.99,1583.37,13206.29
3040,169.2,209.9,417.3,18.99,1583.37,13206.29
3041,169.2,209.9,417.3,18.99,1583.37,13206.29
3042,169.2,209.9,417.3,18.99,1583.37,13206.29
3043,169.2,209.9,417.3,18.99,1583.37,13206.29
3044,169.2,209.9,417.3,18.99,1583.37,13206.29
3045,169.2,209.9,417.3,18.99,1583.37,13206.29
3046,169.2,209.9,417.3,18.99,1583.37,13206.29
3047,169.2,209.9,417.3,18.99,1583.37,13206.29
3048,169.2,209.9,417.3,18.99,1583.37,13206.29
3049,169.2,209.9,417.3,18.99,1583.37,13206.29
3050,169.2,209.9,417.3,18.99,1583.37,13206.29
3051,169.2,209.9,417.3,18.99,1583.37,13206.29
3052,169.2,209.9,417.3,18.99,1583.37,13206.29
3053,169.2,209.9,417.3,18.99,1583.37,13206.29
3054,169.2,209.9,417.3,18.99,1583.37,13206.29
3055,169.2,209.9,417.3,18.99,1583.37,13206.29
3056,169.2,209.9,417.3,18.99,1583.37,13206.29
3057,169.2,209.9,417.3,18.99,1583.37,13206.29
3058,169.2,209.9,417.3,18.99,1583.37,13206.29
3059,169.2,209.9,417.3,18.99,1583.37,13206.29
3060,169.2,209.9,417.3,18.99,1583.37,13206.29
3061,169.2,209.9,417.3,18.99,1583.37,13206.29
3062,169.2,209.9,417.3,18.99,1583.37,13206.29
3063,169.2,209.9,417.3,18.99,1583.37,13206.29
3064,169.2,209.9,417.3,18.99,1583.37,13206.29
3065,169.2,209.9,417.3,18.99,1583.37,13206.29
3066,169.2,209.9,417.3,18.99,1583.37,13206.29
3067,169.2,209.9,417.3,18.99,1583.37,13206.29
3068,188.2,226.4,425.3,9.02,1543.14,12022.97
3069,188.2,226.4,425.3,9.02,1543.14,12022.97
3070,188.2,226.4,425.3,9.02,1543.14,12022.97
3071,188.2,226.4,425.3,9.02,1543.14,12022.97
3072,188.2,226.4,425.3,9.02,1543.14,12022.97
3073,188.2,226.4,425.3,9.02,1543.14,12022.97
3074,188.2,226.4,425.3,9.02,1543.14,12022.97
3075,188.2,226.4,425.3,9.02,1543.14,12022.97
3076,188.2,226.4,425.3,9.02,1543.14,12022.97
3077,188.2,226.4,425.3,9.02,1543.14,12022.97
3078,188.2,226.4,425.3,9.02,1543.14,12022.97
3079,188.2,226.4,425.3,9.02,1543.14,12022.97
3080,188.2,226.4,425.3,9.02,1543.14,12022.97
3081,188.2,226.4,425.3,9.02,1543.14,12022.97
3082,188.2,226.4,425.3,9.02,1543.14,12022.97
3083,188.2,226.4,425.3,9.02,1543.14,12022.97
3084,188.2,226.4,425.3,9.02,1543.14,12022.97
3085,188.2,226.4,425.3,9.02,1543.14,12022.97
3086,188.2,226.4,425.3,9.02,1543.14,12022.97
3087,188.2,226.4,425.3,9.02,1543.14,12022.97
3088,188.2,226.4,425.3,9.02,1543.14,12022.97
3089,188.2,226.4,425.3,9.02,1543.14,12022.97
3090,188.2,226.4,425.3,9.02,1543.14,12022.97
3091,188.2,226.4,425.3,9.02,1543.14,12022.97
3092,188.2,226.4,425.3,9.02,1543.14,12022.97
3093,188.2,226.4,425.3,9.02,1543.14,12022.97
3094,188.2,226.4,425.3,9.02,1543.14,12022.97
3095,188.2,226.4,425.3,9.02,1543.14,12022.97
3096,188.2,226.4,425.3,9.02,1543.14,12022.97
3097,188.2,226.4,425.3,9.02,1543.14,12022.97
3098,188.2,226.4,425.3,9.02,1543.14,12022.97
3099,188.2,226.4,425.3,9.02,1543.14,12022.97
3100,188.2,226.4,425.3,9.02,1543.14,12022.97
3101,500.2,216.4,414.7,8.95,1603,12532.35
3102,500.2,216.4,414.7,8.95,1603,12532.35
3103,500.2,216.4,414.7,8.95,1603,12532.35
3104,500.2,216.4,414.7,8.95,1603,12532.35
3105,500.2,216.4,414.7,8.95,1603,12532.35
3106,500.2,216.4,414.7,8.95,1603,12532.35
3107,500.2,216.4,414.7,8.95,1603,12532.35
3108,500.2,216.4,414.7,8.95,1603,12532.35
3109,500.2,216.4,414.7,8.95,1603,12532.35
3110,500.2,216.4,414.7,8.95,1603,12532.35
3111,500.2,216.4,414.7,8.95,1603,12532.35
3112,500.2,216.4,414.7,8.95,1603,12532.35
3113,500.2,216.4,414.7,8.95,1603,12532.35
3114,500.2,216.4,414.7,8.95,1603,12532.35
3115,500.2,216.4,414.7,8.95,1603,12532.35
3116,500.2,216.4,414.7,8.95,1603,12532.35
3117,500.2,216.4,414.7,8.95,1603,12532.35
3118,500.2,216.4,414.7,8.95,1603,12532.35
3119,500.2,216.4,414.7,8.95,1603,12532.35
3120,500.2,216.4,414.7,8.95,1603,12532.35
3121,500.2,216.4,414.7,8.95,1603,12532.35
3122,500.2,216.4,414.7,8.95,1603,12532.35
3123,500.2,216.4,414.7,8.95,1603,12532.35
3124,500.2,216.4,414.7,8.95,1603,12532.35
3125,500.2,216.4,414.7,8.95,1603,12532.35
3126,500.2,216.4,414.7,8.95,1603,12532.35
3127,500.2,216.4,414.7,8.95,1603,12532.35
3128,500.2,216.4,414.7,8.95,1603,12532.35
3129,500.2,216.4,414.7,8.95,1603,12532.35
3130,500.2,216.4,414.7,8.95,1603,12532.35
3131,500.2,216.4,414.7,8.95,1603,12532.35
3132,500.2,216.4,414.7,8.95,1603,12532.35
3133,500.2,216.4,414.7,8.95,1603,12532.35
3134,500.2,216.4,414.7,8.95,1603,12532.35
3135,95.2,163.7,359.3,9.1,1485,16261.45
3136,95.2,163.7,359.3,9.1,1485,16261.45
3137,95.2,163.7,359.3,9.1,1485,16261.45
3138,95.2,163.7,359.3,9.1,1485,16261.45
3139,95.2,163.7,359.3,9.1,1485,16261.45
3140,95.2,163.7,359.3,9.1,1485,16261.45
3141,95.2,163.7,359.3,9.1,1485,16261.45
3142,95.2,163.7,359.3,9.1,1485,16261.45
3143,95.2,163.7,359.3,9.1,1485,16261.45
3144,95.2,163.7,359.3,9.1,1485,16261.45
3145,95.2,163.7,359.3,9.1,1485,16261.45
3146,95.2,163.7,359.3,9.1,1485,16261.45
3147,95.2,163.7,359.3,9.1,1485,16261.45
3148,95.2,163.7,359.3,9.1,1485,16261.45
3149,95.2,163.7,359.3,9.1,1485,16261.45
3150,95.2,163.7,359.3,9.1,1485,16261.45
3151,95.2,163.7,359.3,9.1,1485,16261.45
3152,95.2,163.7,359.3,9.1,1485,16261.45
3153,95.2,163.7,359.3,9.1,1485,16261.45
3154,95.2,163.7,359.3,9.1,1485,16261.45
3155,95.2,163.7,359.3,9.1,1485,16261.45
3156,95.2,163.7,359.3,9.1,1485,16261.45
3157,95.2,163.7,359.3,9.1,1485,16261.45
3158,95.2,163.7,359.3,9.1,1485,16261.45
3159,95.2,163.7,359.3,9.1,1485,16261.45
3160,95.2,163.7,359.3,9.1,1485,16261.45
3161,95.2,163.7,359.3,9.1,1485,16261.45
3162,95.2,163.7,359.3,9.1,1485,16261.45
3163,95.2,163.7,359.3,9.1,1485,16261.45
3164,95.2,163.7,359.3,9.1,1485,16261.45
3165,95.2,163.7,359.3,9.1,1485,16261.45
3166,95.2,163.7,359.3,9.1,1485,16261.45
3167,95.2,163.7,359.3,9.1,1485,16261.45
3168,120.2,198.6,396,8.99,1642,13554.88
3169,120.2,198.6,396,8.99,1642,13554.88
3170,120.2,198.6,396,8.99,1642,13554.88
3171,120.2,198.6,396,8.99,1642,13554.88
3172,120.2,198.6,396,8.99,1642,13554.88
3173,120.2,198.6,396,8.99,1642,13554.88
3174,120.2,198.6,396,8.99,1642,13554.88
3175,120.2,198.6,396,8.99,1642,13554.88
3176,120.2,198.6,396,8.99,1642,13554.88
3177,120.2,198.6,396,8.99,1642,13554.88
3178,120.2,198.6,396,8.99,1642,13554.88
3179,120.2,198.6,396,8.99,1642,13554.88
3180,120.2,198.6,396,8.99,1642,13554.88
3181,120.2,198.6,396,8.99,1642,13554.88
3182,120.2,198.6,396,8.99,1642,13554.88
3183,120.2,198.6,396,8.99,1642,13554.88
3184,120.2,198.6,396,8.99,1642,13554.88
3185,120.2,198.6,396,8.99,1642,13554.88
3186,120.2,198.6,396,8.99,1642,13554.88
3187,120.2,198.6,396,8.99,1642,13554.88
3188,120.2,198.6,396,8.99,1642,13554.88
3189,120.2,198.6,396,8.99,1642,13554.88
3190,120.2,198.6,396,8.99,1642,13554.88
3191,120.2,198.6,396,8.99,1642,13554.88
3192,120.2,198.6,396,8.99,1642,13554.88
3193,120.2,198.6,396,8.99,1642,13554.88
3194,120.2,198.6,396,8.99,1642,13554.88
3195,120.2,198.6,396,8.99,1642,13554.88
3196,120.2,198.6,396,8.99,1642,13554.88
3197,120.2,198.6,396,8.99,1642,13554.88
3198,120.2,198.6,396,8.99,1642,13554.88
3199,120.2,198.6,396,8.99,1642,13554.88
3200,120.2,198.6,396,8.99,1642,13554.88
3201,158.2,196.8,394.1,8.98,1636,13678.86
3202,158.2,196.8,394.1,8.98,1636,13678.86
3203,158.2,196.8,394.1,8.98,1636,13678.86
3204,158.2,196.8,394.1,8.98,1636,13678.86
3205,158.2,196.8,394.1,8.98,1636,13678.86
3206,158.2,196.8,394.1,8.98,1636,13678.86
3207,158.2,196.8,394.1,8.98,1636,13678.86
3208,158.2,196.8,394.1,8.98,1636,13678.86
3209,158.2,196.8,394.1,8.98,1636,13678.86
3210,158.2,196.8,394.1,8.98,1636,13678.86
3211,158.2,196.8,394.1,8.98,1636,13678.86
3212,158.2,196.8,394.1,8.98,1636,13678.86
3213,158.2,196.8,394.1,8.98,1636,13678.86
3214,158.2,196.8,394.1,8.98,1636,13678.86
3215,158.2,196.8,394.1,8.98,1636,13678.86
3216,158.2,196.8,394.1,8.98,1636,13678.86
3217,158.2,196.8,394.1,8.98,1636,13678.86
3218,158.2,196.8,394.1,8.98,1636,13678.86
3219,158.2,196.8,394.1,8.98,1636,13678.86
3220,158.2,196.8,394.1,8.98,1636,13678.86
3221,158.2,196.8,394.1,8.98,1636,13678.86
3222,158.2,196.8,394.1,8.98,1636,13678.86
3223,158.2,196.8,394.1,8.98,1636,13678.86
3224,158.2,196.8,394.1,8.98,1636,13678.86
3225,158.2,196.8,394.1,8.98,1636,13678.86
3226,158.2,196.8,394.1,8.98,1636,13678.86
3227,158.2,196.8,394.1,8.98,1636,13678.86
3228,158.2,196.8,394.1,8.98,1636,13678.86
3229,158.2,196.8,394.1,8.98,1636,13678.86
3230,158.2,196.8,394.1,8.98,1636,13678.86
3231,158.2,196.8,394.1,8.98,1636,13678.86
3232,158.2,196.8,394.1,8.98,1636,13678.86
3233,158.2,196.8,394.1,8.98,1636,13678.86
3234,158.2,196.8,394.1,8.98,1636,13678.86
3235,64.2,134,328,3.99,1737,19641.79
3236,64.2,134,328,3.99,1737,19641.79
3237,64.2,134,328,3.99,1737,19641.79
3238,64.2,134,328,3.99,1737,19641.79
3239,64.2,134,328,3.99,1737,19641.79
3240,64.2,134,328,3.99,1737,19641.79
3241,64.2,134,328,3.99,1737,19641.79
3242,64.2,134,328,3.99,1737,19641.79
3243,64.2,134,328,3.99,1737,19641.79
3244,64.2,134,328,3.99,1737,19641.79
3245,64.2,134,328,3.99,1737,19641.79
3246,64.2,134,328,3.99,1737,19641.79
3247,64.2,134,328,3.99,1737,19641.79
3248,64.2,134,328,3.99,1737,19641.79
3249,64.2,134,328,3.99,1737,19641.79
3250,64.2,134,328,3.99,1737,19641.79
3251,64.2,134,328,3.99,1737,19641.79
3252,64.2,134,328,3.99,1737,19641.79
3253,64.2,134,328,3.99,1737,19641.79
3254,64.2,134,328,3.99,1737,19641.79
3255,64.2,134,328,3.99,1737,19641.79
3256,64.2,134,328,3.99,1737,19641.79
3257,64.2,134,328,3.99,1737,19641.79
3258,64.2,134,328,3.99,1737,19641.79
3259,64.2,134,328,3.99,1737,19641.79
3260,64.2,134,328,3.99,1737,19641.79
3261,64.2,134,328,3.99,1737,19641.79
3262,64.2,134,328,3.99,1737,19641.79
3263,64.2,134,328,3.99,1737,19641.79
3264,64.2,134,328,3.99,1737,19641.79
3265,64.2,134,328,3.99,1737,19641.79
3266,64.2,134,328,3.99,1737,19641.79
3267,64.2,134,328,3.99,1737,19641.79
3268,54.2,147.3,342,8.99,1656,17936.18
3269,54.2,147.3,342,8.99,1656,17936.18
3270,54.2,147.3,342,8.99,1656,17936.18
3271,54.2,147.3,342,8.99,1656,17936.18
3272,54.2,147.3,342,8.99,1656,17936.18
3273,54.2,147.3,342,8.99,1656,17936.18
3274,54.2,147.3,342,8.99,1656,17936.18
3275,54.2,147.3,342,8.99,1656,17936.18
3276,54.2,147.3,342,8.99,1656,17936.18
3277,54.2,147.3,342,8.99,1656,17936.18
3278,54.2,147.3,342,8.99,1656,17936.18
3279,54.2,147.3,342,8.99,1656,17936.18
3280,54.2,147.3,342,8.99,1656,17936.18
3281,54.2,147.3,342,8.99,1656,17936.18
3282,54.2,147.3,342,8.99,1656,17936.18
3283,54.2,147.3,342,8.99,1656,17936.18
3284,54.2,147.3,342,8.99,1656,17936.18
3285,54.2,147.3,342,8.99,1656,17936.18
3286,54.2,147.3,342,8.99,1656,17936.18
3287,54.2,147.3,342,8.99,1656,17936.18
3288,54.2,147.3,342,8.99,1656,17936.18
3289,54.2,147.3,342,8.99,1656,17936.18
3290,54.2,147.3,342,8.99,1656,17936.18
3291,54.2,147.3,342,8.99,1656,17936.18
3292,54.2,147.3,342,8.99,1656,17936.18
3293,54.2,147.3,342,8.99,1656,17936.18
3294,54.2,147.3,342,8.99,1656,17936.18
3295,54.2,147.3,342,8.99,1656,17936.18
3296,54.2,147.3,342,8.99,1656,17936.18
3297,54.2,147.3,342,8.99,1656,17936.18
3298,54.2,147.3,342,8.99,1656,17936.18
3299,54.2,147.3,342,8.99,1656,17936.18
3300,54.2,147.3,342,8.99,1656,17936.18
3301,72.2,184.4,381.1,9.07,1705.47,14544.47
3302,72.2,184.4,381.1,9.07,1705.47,14544.47
3303,72.2,184.4,381.1,9.07,1705.47,14544.47
3304,72.2,184.4,381.1,9.07,1705.47,14544.47
3305,72.2,184.4,381.1,9.07,1705.47,14544.47
3306,72.2,184.4,381.1,9.07,1705.47,14544.47
3307,72.2,184.4,381.1,9.07,1705.47,14544.47
3308,72.2,184.4,381.1,9.07,1705.47,14544.47
3309,72.2,184.4,381.1,9.07,1705.47,14544.47
3310,72.2,184.4,381.1,9.07,1705.47,14544.47
3311,72.2,184.4,381.1,9.07,1705.47,14544.47
3312,72.2,184.4,381.1,9.07,1705.47,14544.47
3313,72.2,184.4,381.1,9.07,1705.47,14544.47
3314,72.2,184.4,381.1,9.07,1705.47,14544.47
3315,72.2,184.4,381.1,9.07,1705.47,14544.47
3316,72.2,184.4,381.1,9.07,1705.47,14544.47
3317,72.2,184.4,381.1,9.07,1705.47,14544.47
3318,72.2,184.4,381.1,9.07,1705.47,14544.47
3319,72.2,184.4,381.1,9.07,1705.47,14544.47
3320,72.2,184.4,381.1,9.07,1705.47,14544.47
3321,72.2,184.4,381.1,9.07,1705.47,14544.47
3322,72.2,184.4,381.1,9.07,1705.47,14544.47
3323,72.2,184.4,381.1,9.07,1705.47,14544.47
3324,72.2,184.4,381.1,9.07,1705.47,14544.47
3325,72.2,184.4,381.1,9.07,1705.47,14544.47
3326,72.2,184.4,381.1,9.07,1705.47,14544.47
3327,72.2,184.4,381.1,9.07,1705.47,14544.47
3328,72.2,184.4,381.1,9.07,1705.47,14544.47
3329,72.2,184.4,381.1,9.07,1705.47,14544.47
3330,72.2,184.4,381.1,9.07,1705.47,14544.47
3331,72.2,184.4,381.1,9.07,1705.47,14544.47
3332,72.2,184.4,381.1,9.07,1705.47,14544.47
3333,72.2,184.4,381.1,9.07,1705.47,14544.47
3334,72.2,184.4,381.1,9.07,1705.47,14544.47
3335,162.2,294.4,490,4.97,1330.82,9483.7
3336,162.2,294.4,490,4.97,1330.82,9483.7
3337,162.2,294.4,490,4.97,1330.82,9483.7
3338,162.2,294.4,490,4.97,1330.82,9483.7
3339,162.2,294.4,490,4.97,1330.82,9483.7
3340,162.2,294.4,490,4.97,1330.82,9483.7
3341,162.2,294.4,490,4.97,1330.82,9483.7
3342,162.2,294.4,490,4.97,1330.82,9483.7
3343,162.2,294.4,490,4.97,1330.82,9483.7
3344,162.2,294.4,490,4.97,1330.82,9483.7
3345,162.2,294.4,490,4.97,1330.82,9483.7
3346,162.2,294.4,490,4.97,1330.82,9483.7
3347,162.2,294.4,490,4.97,1330.82,9483.7
3348,162.2,294.4,490,4.97,1330.82,9483.7
3349,162.2,294.4,490,4.97,1330.82,9483.7
3350,162.2,294.4,490,4.97,1330.82,9483.7
3351,162.2,294.4,490,4.97,1330.82,9483.7
3352,162.2,294.4,490,4.97,1330.82,9483.7
3353,162.2,294.4,490,4.97,1330.82,9483.7
3354,162.2,294.4,490,4.97,1330.82,9483.7
3355,162.2,294.4,490,4.97,1330.82,9483.7
3356,162.2,294.4,490,4.97,1330.82,9483.7
3357,162.2,294.4,490,4.97,1330.82,9483.7
3358,162.2,294.4,490,4.97,1330.82,9483.7
3359,162.2,294.4,490,4.97,1330.82,9483.7
3360,162.2,294.4,490,4.97,1330.82,9483.7
3361,162.2,294.4,490,4.97,1330.82,9483.7
3362,162.2,294.4,490,4.97,1330.82,9483.7
3363,162.2,294.4,490,4.97,1330.82,9483.7
3364,162.2,294.4,490,4.97,1330.82,9483.7
3365,162.2,294.4,490,4.97,1330.82,9483.7
3366,162.2,294.4,490,4.97,1330.82,9483.7
3367,162.2,294.4,490,4.97,1330.82,9483.7
3368,142.2,196.4,391,4.94,1656,13706.72
3369,142.2,196.4,391,4.94,1656,13706.72
3370,142.2,196.4,391,4.94,1656,13706.72
3371,142.2,196.4,391,4.94,1656,13706.72
3372,142.2,196.4,391,4.94,1656,13706.72
3373,142.2,196.4,391,4.94,1656,13706.72
3374,142.2,196.4,391,4.94,1656,13706.72
3375,142.2,196.4,391,4.94,1656,13706.72
3376,142.2,196.4,391,4.94,1656,13706.72
3377,142.2,196.4,391,4.94,1656,13706.72
3378,142.2,196.4,391,4.94,1656,13706.72
3379,142.2,196.4,391,4.94,1656,13706.72
3380,142.2,196.4,391,4.94,1656,13706.72
3381,142.2,196.4,391,4.94,1656,13706.72
3382,142.2,196.4,391,4.94,1656,13706.72
3383,142.2,196.4,391,4.94,1656,13706.72
3384,142.2,196.4,391,4.94,1656,13706.72
3385,142.2,196.4,391,4.94,1656,13706.72
3386,142.2,196.4,391,4.94,1656,13706.72
3387,142.2,196.4,391,4.94,1656,13706.72
3388,142.2,196.4,391,4.94,1656,13706.72
3389,142.2,196.4,391,4.94,1656,13706.72
3390,142.2,196.4,391,4.94,1656,13706.72
3391,142.2,196.4,391,4.94,1656,13706.72
3392,142.2,196.4,391,4.94,1656,13706.72
3393,142.2,196.4,391,4.94,1656,13706.72
3394,142.2,196.4,391,4.94,1656,13706.72
3395,142.2,196.4,391,4.94,1656,13706.72
3396,142.2,196.4,391,4.94,1656,13706.72
3397,142.2,196.4,391,4.94,1656,13706.72
3398,142.2,196.4,391,4.94,1656,13706.72
3399,142.2,196.4,391,4.94,1656,13706.72
3400,142.2,196.4,391,4.94,1656,13706.72
3401,120.2,195.4,390,4.95,1542,14698.06
3402,120.2,195.4,390,4.95,1542,14698.06
3403,120.2,195.4,390,4.95,1542,14698.06
3404,120.2,195.4,390,4.95,1542,14698.06
3405,120.2,195.4,390,4.95,1542,14698.06
3406,120.2,195.4,390,4.95,1542,14698.06
3407,120.2,195.4,390,4.95,1542,14698.06
3408,120.2,195.4,390,4.95,1542,14698.06
3409,120.2,195.4,390,4.95,1542,14698.06
3410,120.2,195.4,390,4.95,1542,14698.06
3411,120.2,195.4,390,4.95,1542,14698.06
3412,120.2,195.4,390,4.95,1542,14698.06
3413,120.2,195.4,390,4.95,1542,14698.06
3414,120.2,195.4,390,4.95,1542,14698.06
3415,120.2,195.4,390,4.95,1542,14698.06
3416,120.2,195.4,390,4.95,1542,14698.06
3417,120.2,195.4,390,4.95,1542,14698.06
3418,120.2,195.4,390,4.95,1542,14698.06
3419,120.2,195.4,390,4.95,1542,14698.06
3420,120.2,195.4,390,4.95,1542,14698.06
3421,120.2,195.4,390,4.95,1542,14698.06
3422,120.2,195.4,390,4.95,1542,14698.06
3423,120.2,195.4,390,4.95,1542,14698.06
3424,120.2,195.4,390,4.95,1542,14698.06
3425,120.2,195.4,390,4.95,1542,14698.06
3426,120.2,195.4,390,4.95,1542,14698.06
3427,120.2,195.4,390,4.95,1542,14698.06
3428,120.2,195.4,390,4.95,1542,14698.06
3429,120.2,195.4,390,4.95,1542,14698.06
3430,120.2,195.4,390,4.95,1542,14698.06
3431,120.2,195.4,390,4.95,1542,14698.06
3432,120.2,195.4,390,4.95,1542,14698.06
3433,120.2,195.4,390,4.95,1542,14698.06
3434,120.2,195.4,390,4.95,1542,14698.06
3435,55.2,169.1,363.5,5.11,1214.7,16392.67
3436,55.2,169.1,363.5,5.11,1214.7,16392.67
3437,55.2,169.1,363.5,5.11,1214.7,16392.67
3438,55.2,169.1,363.5,5.11,1214.7,16392.67
3439,55.2,169.1,363.5,5.11,1214.7,16392.67
3440,55.2,169.1,363.5,5.11,1214.7,16392.67
3441,55.2,169.1,363.5,5.11,1214.7,16392.67
3442,55.2,169.1,363.5,5.11,1214.7,16392.67
3443,55.2,169.1,363.5,5.11,1214.7,16392.67
3444,55.2,169.1,363.5,5.11,1214.7,16392.67
3445,55.2,169.1,363.5,5.11,1214.7,16392.67
3446,55.2,169.1,363.5,5.11,1214.7,16392.67
3447,55.2,169.1,363.5,5.11,1214.7,16392.67
3448,55.2,169.1,363.5,5.11,1214.7,16392.67
3449,55.2,169.1,363.5,5.11,1214.7,16392.67
3450,55.2,169.1,363.5,5.11,1214.7,16392.67
3451,55.2,169.1,363.5,5.11,1214.7,16392.67
3452,55.2,169.1,363.5,5.11,1214.7,16392.67
3453,55.2,169.1,363.5,5.11,1214.7,16392.67
3454,55.2,169.1,363.5,5.11,1214.7,16392.67
3455,55.2,169.1,363.5,5.11,1214.7,16392.67
3456,55.2,169.1,363.5,5.11,1214.7,16392.67
3457,55.2,169.1,363.5,5.11,1214.7,16392.67
3458,55.2,169.1,363.5,5.11,1214.7,16392.67
3459,55.2,169.1,363.5,5.11,1214.7,16392.67
3460,55.2,169.1,363.5,5.11,1214.7,16392.67
3461,55.2,169.1,363.5,5.11,1214.7,16392.67
3462,55.2,169.1,363.5,5.11,1214.7,16392.67
3463,55.2,169.1,363.5,5.11,1214.7,16392.67
3464,55.2,169.1,363.5,5.11,1214.7,16392.67
3465,55.2,169.1,363.5,5.11,1214.7,16392.67
3466,55.2,169.1,363.5,5.11,1214.7,16392.67
3467,55.2,169.1,363.5,5.11,1214.7,16392.67
3468,55.5,165,361,10.05,1358,16139.39
3469,55.5,165,361,10.05,1358,16139.39
3470,55.5,165,361,10.05,1358,16139.39
3471,55.5,165,361,10.05,1358,16139.39
3472,55.5,165,361,10.05,1358,16139.39
3473,55.5,165,361,10.05,1358,16139.39
3474,55.5,165,361,10.05,1358,16139.39
3475,55.5,165,361,10.05,1358,16139.39
3476,55.5,165,361,10.05,1358,16139.39
3477,55.5,165,361,10.05,1358,16139.39
3478,55.5,165,361,10.05,1358,16139.39
3479,55.5,165,361,10.05,1358,16139.39
3480,55.5,165,361,10.05,1358,16139.39
3481,55.5,165,361,10.05,1358,16139.39
3482,55.5,165,361,10.05,1358,16139.39
3483,55.5,165,361,10.05,1358,16139.39
3484,55.5,165,361,10.05,1358,16139.39
3485,55.5,165,361,10.05,1358,16139.39
3486,55.5,165,361,10.05,1358,16139.39
3487,55.5,165,361,10.05,1358,16139.39
3488,55.5,165,361,10.05,1358,16139.39
3489,55.5,165,361,10.05,1358,16139.39
3490,55.5,165,361,10.05,1358,16139.39
3491,55.5,165,361,10.05,1358,16139.39
3492,55.5,165,361,10.05,1358,16139.39
3493,55.5,165,361,10.05,1358,16139.39
3494,55.5,165,361,10.05,1358,16139.39
3495,55.5,165,361,10.05,1358,16139.39
3496,55.5,165,361,10.05,1358,16139.39
3497,55.5,165,361,10.05,1358,16139.39
3498,55.5,165,361,10.05,1358,16139.39
3499,55.5,165,361,10.05,1358,16139.39
3500,55.5,165,361,10.05,1358,16139.39
3501,286.2,230.1,425.1,5.02,1323,13089.96
3502,286.2,230.1,425.1,5.02,1323,13089.96
3503,286.2,230.1,425.1,5.02,1323,13089.96
3504,286.2,230.1,425.1,5.02,1323,13089.96
3505,286.2,230.1,425.1,5.02,1323,13089.96
3506,286.2,230.1,425.1,5.02,1323,13089.96
3507,286.2,230.1,425.1,5.02,1323,13089.96
3508,286.2,230.1,425.1,5.02,1323,13089.96
3509,286.2,230.1,425.1,5.02,1323,13089.96
3510,286.2,230.1,425.1,5.02,1323,13089.96
3511,286.2,230.1,425.1,5.02,1323,13089.96
3512,286.2,230.1,425.1,5.02,1323,13089.96
3513,286.2,230.1,425.1,5.02,1323,13089.96
3514,286.2,230.1,425.1,5.02,1323,13089.96
3515,286.2,230.1,425.1,5.02,1323,13089.96
3516,286.2,230.1,425.1,5.02,1323,13089.96
3517,286.2,230.1,425.1,5.02,1323,13089.96
3518,286.2,230.1,425.1,5.02,1323,13089.96
3519,286.2,230.1,425.1,5.02,1323,13089.96
3520,286.2,230.1,425.1,5.02,1323,13089.96
3521,286.2,230.1,425.1,5.02,1323,13089.96
3522,286.2,230.1,425.1,5.02,1323,13089.96
3523,286.2,230.1,425.1,5.02,1323,13089.96
3524,286.2,230.1,425.1,5.02,1323,13089.96
3525,286.2,230.1,425.1,5.02,1323,13089.96
3526,286.2,230.1,425.1,5.02,1323,13089.96
3527,286.2,230.1,425.1,5.02,1323,13089.96
3528,286.2,230.1,425.1,5.02,1323,13089.96
3529,286.2,230.1,425.1,5.02,1323,13089.96
3530,286.2,230.1,425.1,5.02,1323,13089.96
3531,286.2,230.1,425.1,5.02,1323,13089.96
3532,286.2,230.1,425.1,5.02,1323,13089.96
3533,286.2,230.1,425.1,5.02,1323,13089.96
3534,286.2,230.1,425.1,5.02,1323,13089.96
3535,76.2,180.6,390.1,28.95,1447,16179.4
3536,76.2,180.6,390.1,28.95,1447,16179.4
3537,76.2,180.6,390.1,28.95,1447,16179.4
3538,76.2,180.6,390.1,28.95,1447,16179.4
3539,76.2,180.6,390.1,28.95,1447,16179.4
3540,76.2,180.6,390.1,28.95,1447,16179.4
3541,76.2,180.6,390.1,28.95,1447,16179.4
3542,76.2,180.6,390.1,28.95,1447,16179.4
3543,76.2,180.6,390.1,28.95,1447,16179.4
3544,76.2,180.6,390.1,28.95,1447,16179.4
3545,76.2,180.6,390.1,28.95,1447,16179.4
3546,76.2,180.6,390.1,28.95,1447,16179.4
3547,76.2,180.6,390.1,28.95,1447,16179.4
3548,76.2,180.6,390.1,28.95,1447,16179.4
3549,76.2,180.6,390.1,28.95,1447,16179.4
3550,76.2,180.6,390.1,28.95,1447,16179.4
3551,76.2,180.6,390.1,28.95,1447,16179.4
3552,76.2,180.6,390.1,28.95,1447,16179.4
3553,76.2,180.6,390.1,28.95,1447,16179.4
3554,76.2,180.6,390.1,28.95,1447,16179.4
3555,76.2,180.6,390.1,28.95,1447,16179.4
3556,76.2,180.6,390.1,28.95,1447,16179.4
3557,76.2,180.6,390.1,28.95,1447,16179.4
3558,76.2,180.6,390.1,28.95,1447,16179.4
3559,76.2,180.6,390.1,28.95,1447,16179.4
3560,76.2,180.6,390.1,28.95,1447,16179.4
3561,76.2,180.6,390.1,28.95,1447,16179.4
3562,76.2,180.6,390.1,28.95,1447,16179.4
3563,76.2,180.6,390.1,28.95,1447,16179.4
3564,76.2,180.6,390.1,28.95,1447,16179.4
3565,76.2,180.6,390.1,28.95,1447,16179.4
3566,76.2,180.6,390.1,28.95,1447,16179.4
3567,76.2,180.6,390.1,28.95,1447,16179.4
3568,54.2,135.7,330.3,30.07,1474,19469.42
3569,54.2,135.7,330.3,30.07,1474,19469.42
3570,54.2,135.7,330.3,30.07,1474,19469.42
3571,54.2,135.7,330.3,30.07,1474,19469.42
3572,54.2,135.7,330.3,30.07,1474,19469.42
3573,54.2,135.7,330.3,30.07,1474,19469.42
3574,54.2,135.7,330.3,30.07,1474,19469.42
3575,54.2,135.7,330.3,30.07,1474,19469.42
3576,54.2,135.7,330.3,30.07,1474,19469.42
3577,54.2,135.7,330.3,30.07,1474,19469.42
3578,54.2,135.7,330.3,30.07,1474,19469.42
3579,54.2,135.7,330.3,30.07,1474,19469.42
3580,54.2,135.7,330.3,30.07,1474,19469.42
3581,54.2,135.7,330.3,30.07,1474,19469.42
3582,54.2,135.7,330.3,30.07,1474,19469.42
3583,54.2,135.7,330.3,30.07,1474,19469.42
3584,54.2,135.7,330.3,30.07,1474,19469.42
3585,54.2,135.7,330.3,30.07,1474,19469.42
3586,54.2,135.7,330.3,30.07,1474,19469.42
3587,54.2,135.7,330.3,30.07,1474,19469.42
3588,54.2,135.7,330.3,30.07,1474,19469.42
3589,54.2,135.7,330.3,30.07,1474,19469.42
3590,54.2,135.7,330.3,30.07,1474,19469.42
3591,54.2,135.7,330.3,30.07,1474,19469.42
3592,54.2,135.7,330.3,30.07,1474,19469.42
3593,54.2,135.7,330.3,30.07,1474,19469.42
3594,54.2,135.7,330.3,30.07,1474,19469.42
3595,54.2,135.7,330.3,30.07,1474,19469.42
3596,54.2,135.7,330.3,30.07,1474,19469.42
3597,54.2,135.7,330.3,30.07,1474,19469.42
3598,54.2,135.7,330.3,30.07,1474,19469.42
3599,54.2,135.7,330.3,30.07,1474,19469.42
3600,54.2,135.7,330.3,30.07,1474,19469.42
3601,54.2,141,335,3.99,1625,18717.73
3602,54.2,141,335,3.99,1625,18717.73
3603,54.2,141,335,3.99,1625,18717.73
3604,54.2,141,335,3.99,1625,18717.73
3605,54.2,141,335,3.99,1625,18717.73
3606,54.2,141,335,3.99,1625,18717.73
3607,54.2,141,335,3.99,1625,18717.73
3608,54.2,141,335,3.99,1625,18717.73
3609,54.2,141,335,3.99,1625,18717.73
3610,54.2,141,335,3.99,1625,18717.73
3611,54.2,141,335,3.99,1625,18717.73
3612,54.2,141,335,3.99,1625,18717.73
3613,54.2,141,335,3.99,1625,18717.73
3614,54.2,141,335,3.99,1625,18717.73
3615,54.2,141,335,3.99,1625,18717.73
3616,54.2,141,335,3.99,1625,18717.73
3617,54.2,141,335,3.99,1625,18717.73
3618,54.2,141,335,3.99,1625,18717.73
3619,54.2,141,335,3.99,1625,18717.73
3620,54.2,141,335,3.99,1625,18717.73
3621,54.2,141,335,3.99,1625,18717.73
3622,54.2,141,335,3.99,1625,18717.73
3623,54.2,141,335,3.99,1625,18717.73
3624,54.2,141,335,3.99,1625,18717.73
3625,54.2,141,335,3.99,1625,18717.73
3626,54.2,141,335,3.99,1625,18717.73
3627,54.2,141,335,3.99,1625,18717.73
3628,54.2,141,335,3.99,1625,18717.73
3629,54.2,141,335,3.99,1625,18717.73
3630,54.2,141,335,3.99,1625,18717.73
3631,54.2,141,335,3.99,1625,18717.73
3632,54.2,141,335,3.99,1625,18717.73
3633,54.2,141,335,3.99,1625,18717.73
3634,54.2,141,335,3.99,1625,18717.73
3635,54.2,134,328,3.99,1488,19641.79
3636,54.2,134,328,3.99,1488,19641.79
3637,54.2,134,328,3.99,1488,19641.79
3638,54.2,134,328,3.99,1488,19641.79
3639,54.2,134,328,3.99,1488,19641.79
3640,54.2,134,328,3.99,1488,19641.79
3641,54.2,134,328,3.99,1488,19641.79
3642,54.2,134,328,3.99,1488,19641.79
3643,54.2,134,328,3.99,1488,19641.79
3644,54.2,134,328,3.99,1488,19641.79
3645,54.2,134,328,3.99,1488,19641.79
3646,54.2,134,328,3.99,1488,19641.79
3647,54.2,134,328,3.99,1488,19641.79
3648,54.2,134,328,3.99,1488,19641.79
3649,54.2,134,328,3.99,1488,19641.79
3650,54.2,134,328,3.99,1488,19641.79
3651,54.2,134,328,3.99,1488,19641.79
3652,54.2,134,328,3.99,1488,19641.79
3653,54.2,134,328,3.99,1488,19641.79
3654,54.2,134,328,3.99,1488,19641.79
3655,54.2,134,328,3.99,1488,19641.79
3656,54.2,134,328,3.99,1488,19641.79
3657,54.2,134,328,3.99,1488,19641.79
3658,54.2,134,328,3.99,1488,19641.79
3659,54.2,134,328,3.99,1488,19641.79
3660,54.2,134,328,3.99,1488,19641.79
3661,54.2,134,328,3.99,1488,19641.79
3662,54.2,134,328,3.99,1488,19641.79
3663,54.2,134,328,3.99,1488,19641.79
3664,54.2,134,328,3.99,1488,19641.79
3665,54.2,134,328,3.99,1488,19641.79
3666,54.2,134,328,3.99,1488,19641.79
3667,54.2,134,328,3.99,1488,19641.79
3668,54.2,135.72,329.72,3.99,1599,19392.87
3669,54.2,135.72,329.72,3.99,1599,19392.87
3670,54.2,135.72,329.72,3.99,1599,19392.87
3671,54.2,135.72,329.72,3.99,1599,19392.87
3672,54.2,135.72,329.72,3.99,1599,19392.87
3673,54.2,135.72,329.72,3.99,1599,19392.87
3674,54.2,135.72,329.72,3.99,1599,19392.87
3675,54.2,135.72,329.72,3.99,1599,19392.87
3676,54.2,135.72,329.72,3.99,1599,19392.87
3677,54.2,135.72,329.72,3.99,1599,19392.87
3678,54.2,135.72,329.72,3.99,1599,19392.87
3679,54.2,135.72,329.72,3.99,1599,19392.87
3680,54.2,135.72,329.72,3.99,1599,19392.87
3681,54.2,135.72,329.72,3.99,1599,19392.87
3682,54.2,135.72,329.72,3.99,1599,19392.87
3683,54.2,135.72,329.72,3.99,1599,19392.87
3684,54.2,135.72,329.72,3.99,1599,19392.87
3685,54.2,135.72,329.72,3.99,1599,19392.87
3686,54.2,135.72,329.72,3.99,1599,19392.87
3687,54.2,135.72,329.72,3.99,1599,19392.87
3688,54.2,135.72,329.72,3.99,1599,19392.87
3689,54.2,135.72,329.72,3.99,1599,19392.87
3690,54.2,135.72,329.72,3.99,1599,19392.87
3691,54.2,135.72,329.72,3.99,1599,19392.87
3692,54.2,135.72,329.72,3.99,1599,19392.87
3693,54.2,135.72,329.72,3.99,1599,19392.87
3694,54.2,135.72,329.72,3.99,1599,19392.87
3695,54.2,135.72,329.72,3.99,1599,19392.87
3696,54.2,135.72,329.72,3.99,1599,19392.87
3697,54.2,135.72,329.72,3.99,1599,19392.87
3698,54.2,135.72,329.72,3.99,1599,19392.87
3699,54.2,135.72,329.72,3.99,1599,19392.87
3700,54.2,135.72,329.72,3.99,1599,19392.87
3701,469.2,204.6,400,5.93,1734,14232.65
3702,469.2,204.6,400,5.93,1734,14232.65
3703,469.2,204.6,400,5.93,1734,14232.65
3704,469.2,204.6,400,5.93,1734,14232.65
3705,469.2,204.6,400,5.93,1734,14232.65
3706,469.2,204.6,400,5.93,1734,14232.65
3707,469.2,204.6,400,5.93,1734,14232.65
3708,469.2,204.6,400,5.93,1734,14232.65
3709,469.2,204.6,400,5.93,1734,14232.65
3710,469.2,204.6,400,5.93,1734,14232.65
3711,469.2,204.6,400,5.93,1734,14232.65
3712,469.2,204.6,400,5.93,1734,14232.65
3713,469.2,204.6,400,5.93,1734,14232.65
3714,469.2,204.6,400,5.93,1734,14232.65
3715,469.2,204.6,400,5.93,1734,14232.65
3716,469.2,204.6,400,5.93,1734,14232.65
3717,469.2,204.6,400,5.93,1734,14232.65
3718,469.2,204.6,400,5.93,1734,14232.65
3719,469.2,204.6,400,5.93,1734,14232.65
3720,469.2,204.6,400,5.93,1734,14232.65
3721,469.2,204.6,400,5.93,1734,14232.65
3722,469.2,204.6,400,5.93,1734,14232.65
3723,469.2,204.6,400,5.93,1734,14232.65
3724,469.2,204.6,400,5.93,1734,14232.65
3725,469.2,204.6,400,5.93,1734,14232.65
3726,469.2,204.6,400,5.93,1734,14232.65
3727,469.2,204.6,400,5.93,1734,14232.65
3728,469.2,204.6,400,5.93,1734,14232.65
3729,469.2,204.6,400,5.93,1734,14232.65
3730,469.2,204.6,400,5.93,1734,14232.65
3731,469.2,204.6,400,5.93,1734,14232.65
3732,469.2,204.6,400,5.93,1734,14232.65
3733,469.2,204.6,400,5.93,1734,14232.65
3734,469.2,204.6,400,5.93,1734,14232.65
3735,283.2,266.3,463,5.99,1071,10296.66
3736,283.2,266.3,463,5.99,1071,10296.66
3737,283.2,266.3,463,5.99,1071,10296.66
3738,283.2,266.3,463,5.99,1071,10296.66
3739,283.2,266.3,463,5.99,1071,10296.66
3740,283.2,266.3,463,5.99,1071,10296.66
3741,283.2,266.3,463,5.99,1071,10296.66
3742,283.2,266.3,463,5.99,1071,10296.66
3743,283.2,266.3,463,5.99,1071,10296.66
3744,283.2,266.3,463,5.99,1071,10296.66
3745,283.2,266.3,463,5.99,1071,10296.66
3746,283.2,266.3,463,5.99,1071,10296.66
3747,283.2,266.3,463,5.99,1071,10296.66
3748,283.2,266.3,463,5.99,1071,10296.66
3749,283.2,266.3,463,5.99,1071,10296.66
3750,283.2,266.3,463,5.99,1071,10296.66
3751,283.2,266.3,463,5.99,1071,10296.66
3752,283.2,266.3,463,5.99,1071,10296.66
3753,283.2,266.3,463,5.99,1071,10296.66
3754,283.2,266.3,463,5.99,1071,10296.66
3755,283.2,266.3,463,5.99,1071,10296.66
3756,283.2,266.3,463,5.99,1071,10296.66
3757,283.2,266.3,463,5.99,1071,10296.66
3758,283.2,266.3,463,5.99,1071,10296.66
3759,283.2,266.3,463,5.99,1071,10296.66
3760,283.2,266.3,463,5.99,1071,10296.66
3761,283.2,266.3,463,5.99,1071,10296.66
3762,283.2,266.3,463,5.99,1071,10296.66
3763,283.2,266.3,463,5.99,1071,10296.66
3764,283.2,266.3,463,5.99,1071,10296.66
3765,283.2,266.3,463,5.99,1071,10296.66
3766,283.2,266.3,463,5.99,1071,10296.66
3767,283.2,266.3,463,5.99,1071,10296.66
3768,252.4,171,366,6.62,1362,15567.25
3769,252.4,171,366,6.62,1362,15567.25
3770,252.4,171,366,6.62,1362,15567.25
3771,252.4,171,366,6.62,1362,15567.25
3772,252.4,171,366,6.62,1362,15567.25
3773,252.4,171,366,6.62,1362,15567.25
3774,252.4,171,366,6.62,1362,15567.25
3775,252.4,171,366,6.62,1362,15567.25
3776,252.4,171,366,6.62,1362,15567.25
3777,252.4,171,366,6.62,1362,15567.25
3778,252.4,171,366,6.62,1362,15567.25
3779,252.4,171,366,6.62,1362,15567.25
3780,252.4,171,366,6.62,1362,15567.25
3781,252.4,171,366,6.62,1362,15567.25
3782,252.4,171,366,6.62,1362,15567.25
3783,252.4,171,366,6.62,1362,15567.25
3784,252.4,171,366,6.62,1362,15567.25
3785,252.4,171,366,6.62,1362,15567.25
3786,252.4,171,366,6.62,1362,15567.25
3787,252.4,171,366,6.62,1362,15567.25
3788,252.4,171,366,6.62,1362,15567.25
3789,252.4,171,366,6.62,1362,15567.25
3790,252.4,171,366,6.62,1362,15567.25
3791,252.4,171,366,6.62,1362,15567.25
3792,252.4,171,366,6.62,1362,15567.25
3793,252.4,171,366,6.62,1362,15567.25
3794,252.4,171,366,6.62,1362,15567.25
3795,252.4,171,366,6.62,1362,15567.25
3796,252.4,171,366,6.62,1362,15567.25
3797,252.4,171,366,6.62,1362,15567.25
3798,252.4,171,366,6.62,1362,15567.25
3799,252.4,171,366,6.62,1362,15567.25
3800,252.4,171,366,6.62,1362,15567.25
3801,141.1,135,330,53.99,1195,19503.7
3802,141.1,135,330,53.99,1195,19503.7
3803,141.1,135,330,53.99,1195,19503.7
3804,141.1,135,330,53.99,1195,19503.7
3805,141.1,135,330,53.99,1195,19503.7
3806,141.1,135,330,53.99,1195,19503.7
3807,141.1,135,330,53.99,1195,19503.7
3808,141.1,135,330,53.99,1195,19503.7
3809,141.1,135,330,53.99,1195,19503.7
3810,141.1,135,330,53.99,1195,19503.7
3811,141.1,135,330,53.99,1195,19503.7
3812,141.1,135,330,53.99,1195,19503.7
3813,141.1,135,330,53.99,1195,19503.7
3814,141.1,135,330,53.99,1195,19503.7
3815,141.1,135,330,53.99,1195,19503.7
3816,141.1,135,330,53.99,1195,19503.7
3817,141.1,135,330,53.99,1195,19503.7
3818,141.1,135,330,53.99,1195,19503.7
3819,141.1,135,330,53.99,1195,19503.7
3820,141.1,135,330,53.99,1195,19503.7
3821,141.1,135,330,53.99,1195,19503.7
3822,141.1,135,330,53.99,1195,19503.7
3823,141.1,135,330,53.99,1195,19503.7
3824,141.1,135,330,53.99,1195,19503.7
3825,141.1,135,330,53.99,1195,19503.7
3826,141.1,135,330,53.99,1195,19503.7
3827,141.1,135,330,53.99,1195,19503.7
3828,141.1,135,330,53.99,1195,19503.7
3829,141.1,135,330,53.99,1195,19503.7
3830,141.1,135,330,53.99,1195,19503.7
3831,141.1,135,330,53.99,1195,19503.7
3832,141.1,135,330,53.99,1195,19503.7
3833,141.1,135,330,53.99,1195,19503.7
3834,141.1,135,330,53.99,1195,19503.7
3835,146,226,421,5.06,1669,11973.45
3836,146,226,421,5.06,1669,11973.45
3837,146,226,421,5.06,1669,11973.45
3838,146,226,421,5.06,1669,11973.45
3839,146,226,421,5.06,1669,11973.45
3840,146,226,421,5.06,1669,11973.45
3841,146,226,421,5.06,1669,11973.45
3842,146,226,421,5.06,1669,11973.45
3843,146,226,421,5.06,1669,11973.45
3844,146,226,421,5.06,1669,11973.45
3845,146,226,421,5.06,1669,11973.45
3846,146,226,421,5.06,1669,11973.45
3847,146,226,421,5.06,1669,11973.45
3848,146,226,421,5.06,1669,11973.45
3849,146,226,421,5.06,1669,11973.45
3850,146,226,421,5.06,1669,11973.45
3851,146,226,421,5.06,1669,11973.45
3852,146,226,421,5.06,1669,11973.45
3853,146,226,421,5.06,1669,11973.45
3854,146,226,421,5.06,1669,11973.45
3855,146,226,421,5.06,1669,11973.45
3856,146,226,421,5.06,1669,11973.45
3857,146,226,421,5.06,1669,11973.45
3858,146,226,421,5.06,1669,11973.45
3859,146,226,421,5.06,1669,11973.45
3860,146,226,421,5.06,1669,11973.45
3861,146,226,421,5.06,1669,11973.45
3862,146,226,421,5.06,1669,11973.45
3863,146,226,421,5.06,1669,11973.45
3864,146,226,421,5.06,1669,11973.45
3865,146,226,421,5.06,1669,11973.45
3866,146,226,421,5.06,1669,11973.45
3867,146,226,421,5.06,1669,11973.45
3868,64.2,134.1,328.1,3.99,1649,19627.74
3869,64.2,134.1,328.1,3.99,1649,19627.74
3870,64.2,134.1,328.1,3.99,1649,19627.74
3871,64.2,134.1,328.1,3.99,1649,19627.74
3872,64.2,134.1,328.1,3.99,1649,19627.74
3873,64.2,134.1,328.1,3.99,1649,19627.74
3874,64.2,134.1,328.1,3.99,1649,19627.74
3875,64.2,134.1,328.1,3.99,1649,19627.74
3876,64.2,134.1,328.1,3.99,1649,19627.74
3877,64.2,134.1,328.1,3.99,1649,19627.74
3878,64.2,134.1,328.1,3.99,1649,19627.74
3879,64.2,134.1,328.1,3.99,1649,19627.74
3880,64.2,134.1,328.1,3.99,1649,19627.74
3881,64.2,134.1,328.1,3.99,1649,19627.74
3882,64.2,134.1,328.1,3.99,1649,19627.74
3883,64.2,134.1,328.1,3.99,1649,19627.74
3884,64.2,134.1,328.1,3.99,1649,19627.74
3885,64.2,134.1,328.1,3.99,1649,19627.74
3886,64.2,134.1,328.1,3.99,1649,19627.74
3887,64.2,134.1,328.1,3.99,1649,19627.74
3888,64.2,134.1,328.1,3.99,1649,19627.74
3889,64.2,134.1,328.1,3.99,1649,19627.74
3890,64.2,134.1,328.1,3.99,1649,19627.74
3891,64.2,134.1,328.1,3.99,1649,19627.74
3892,64.2,134.1,328.1,3.99,1649,19627.74
3893,64.2,134.1,328.1,3.99,1649,19627.74
3894,64.2,134.1,328.1,3.99,1649,19627.74
3895,64.2,134.1,328.1,3.99,1649,19627.74
3896,64.2,134.1,328.1,3.99,1649,19627.74
3897,64.2,134.1,328.1,3.99,1649,19627.74
3898,64.2,134.1,328.1,3.99,1649,19627.74
3899,64.2,134.1,328.1,3.99,1649,19627.74
3900,64.2,134.1,328.1,3.99,1649,19627.74
3901,82.2,134,328,3.99,1683.51,19641.79
3902,82.2,134,328,3.99,1683.51,19641.79
3903,82.2,134,328,3.99,1683.51,19641.79
3904,82.2,134,328,3.99,1683.51,19641.79
3905,82.2,134,328,3.99,1683.51,19641.79
3906,82.2,134,328,3.99,1683.51,19641.79
3907,82.2,134,328,3.99,1683.51,19641.79
3908,82.2,134,328,3.99,1683.51,19641.79
3909,82.2,134,328,3.99,1683.51,19641.79
3910,82.2,134,328,3.99,1683.51,19641.79
3911,82.2,134,328,3.99,1683.51,19641.79
3912,82.2,134,328,3.99,1683.51,19641.79
3913,82.2,134,328,3.99,1683.51,19641.79
3914,82.2,134,328,3.99,1683.51,19641.79
3915,82.2,134,328,3.99,1683.51,19641.79
3916,82.2,134,328,3.99,1683.51,19641.79
3917,82.2,134,328,3.99,1683.51,19641.79
3918,82.2,134,328,3.99,1683.51,19641.79
3919,82.2,134,328,3.99,1683.51,19641.79
3920,82.2,134,328,3.99,1683.51,19641.79
3921,82.2,134,328,3.99,1683.51,19641.79
3922,82.2,134,328,3.99,1683.51,19641.79
3923,82.2,134,328,3.99,1683.51,19641.79
3924,82.2,134,328,3.99,1683.51,19641.79
3925,82.2,134,328,3.99,1683.51,19641.79
3926,82.2,134,328,3.99,1683.51,19641.79
3927,82.2,134,328,3.99,1683.51,19641.79
3928,82.2,134,328,3.99,1683.51,19641.79
3929,82.2,134,328,3.99,1683.51,19641.79
3930,82.2,134,328,3.99,1683.51,19641.79
3931,82.2,134,328,3.99,1683.51,19641.79
3932,82.2,134,328,3.99,1683.51,19641.79
3933,82.2,134,328,3.99,1683.51,19641.79
3934,82.2,134,328,3.99,1683.51,19641.79
3935,79.2,204,398,3.99,1548,14554.41
3936,79.2,204,398,3.99,1548,14554.41
3937,79.2,204,398,3.99,1548,14554.41
3938,79.2,204,398,3.99,1548,14554.41
3939,79.2,204,398,3.99,1548,14554.41
3940,79.2,204,398,3.99,1548,14554.41
3941,79.2,204,398,3.99,1548,14554.41
3942,79.2,204,398,3.99,1548,14554.41
3943,79.2,204,398,3.99,1548,14554.41
3944,79.2,204,398,3.99,1548,14554.41
3945,79.2,204,398,3.99,1548,14554.41
3946,79.2,204,398,3.99,1548,14554.41
3947,79.2,204,398,3.99,1548,14554.41
3948,79.2,204,398,3.99,1548,14554.41
3949,79.2,204,398,3.99,1548,14554.41
3950,79.2,204,398,3.99,1548,14554.41
3951,79.2,204,398,3.99,1548,14554.41
3952,79.2,204,398,3.99,1548,14554.41
3953,79.2,204,398,3.99,1548,14554.41
3954,79.2,204,398,3.99,1548,14554.41
3955,79.2,204,398,3.99,1548,14554.41
3956,79.2,204,398,3.99,1548,14554.41
3957,79.2,204,398,3.99,1548,14554.41
3958,79.2,204,398,3.99,1548,14554.41
3959,79.2,204,398,3.99,1548,14554.41
3960,79.2,204,398,3.99,1548,14554.41
3961,79.2,204,398,3.99,1548,14554.41
3962,79.2,204,398,3.99,1548,14554.41
3963,79.2,204,398,3.99,1548,14554.41
3964,79.2,204,398,3.99,1548,14554.41
3965,79.2,204,398,3.99,1548,14554.41
3966,79.2,204,398,3.99,1548,14554.41
3967,79.2,204,398,3.99,1548,14554.41
3968,145.7,134,328,3.99,885,19641.79
3969,145.7,134,328,3.99,885,19641.79
3970,145.7,134,328,3.99,885,19641.79
3971,145.7,134,328,3.99,885,19641.79
3972,145.7,134,328,3.99,885,19641.79
3973,145.7,134,328,3.99,885,19641.79
3974,145.7,134,328,3.99,885,19641.79
3975,145.7,134,328,3.99,885,19641.79
3976,145.7,134,328,3.99,885,19641.79
3977,145.7,134,328,3.99,885,19641.79
3978,145.7,134,328,3.99,885,19641.79
3979,145.7,134,328,3.99,885,19641.79
3980,145.7,134,328,3.99,885,19641.79
3981,145.7,134,328,3.99,885,19641.79
3982,145.7,134,328,3.99,885,19641.79
3983,145.7,134,328,3.99,885,19641.79
3984,145.7,134,328,3.99,885,19641.79
3985,145.7,134,328,3.99,885,19641.79
3986,145.7,134,328,3.99,885,19641.79
3987,145.7,134,328,3.99,885,19641.79
3988,145.7,134,328,3.99,885,19641.79
3989,145.7,134,328,3.99,885,19641.79
3990,145.7,134,328,3.99,885,19641.79
3991,145.7,134,328,3.99,885,19641.79
3992,145.7,134,328,3.99,885,19641.79
3993,145.7,134,328,3.99,885,19641.79
3994,145.7,134,328,3.99,885,19641.79
3995,145.7,134,328,3.99,885,19641.79
3996,145.7,134,328,3.99,885,19641.79
3997,145.7,134,328,3.99,885,19641.79
3998,145.7,134,328,3.99,885,19641.79
3999,145.7,134,328,3.99,885,19641.79
4000,145.7,134,328,3.99,885,19641.79
4001,55.4,138,332,3.99,1657,19084.06
4002,55.4,138,332,3.99,1657,19084.06
4003,55.4,138,332,3.99,1657,19084.06
4004,55.4,138,332,3.99,1657,19084.06
4005,55.4,138,332,3.99,1657,19084.06
4006,55.4,138,332,3.99,1657,19084.06
4007,55.4,138,332,3.99,1657,19084.06
4008,55.4,138,332,3.99,1657,19084.06
4009,55.4,138,332,3.99,1657,19084.06
4010,55.4,138,332,3.99,1657,19084.06
4011,55.4,138,332,3.99,1657,19084.06
4012,55.4,138,332,3.99,1657,19084.06
4013,55.4,138,332,3.99,1657,19084.06
4014,55.4,138,332,3.99,1657,19084.06
4015,55.4,138,332,3.99,1657,19084.06
4016,55.4,138,332,3.99,1657,19084.06
4017,55.4,138,332,3.99,1657,19084.06
4018,55.4,138,332,3.99,1657,19084.06
4019,55.4,138,332,3.99,1657,19084.06
4020,55.4,138,332,3.99,1657,19084.06
4021,55.4,138,332,3.99,1657,19084.06
4022,55.4,138,332,3.99,1657,19084.06
4023,55.4,138,332,3.99,1657,19084.06
4024,55.4,138,332,3.99,1657,19084.06
4025,55.4,138,332,3.99,1657,19084.06
4026,55.4,138,332,3.99,1657,19084.06
4027,55.4,138,332,3.99,1657,19084.06
4028,55.4,138,332,3.99,1657,19084.06
4029,55.4,138,332,3.99,1657,19084.06
4030,55.4,138,332,3.99,1657,19084.06
4031,55.4,138,332,3.99,1657,19084.06
4032,55.4,138,332,3.99,1657,19084.06
4033,55.4,138,332,3.99,1657,19084.06
4034,55.4,138,332,3.99,1657,19084.06
4035,270.1,209,404,5.3,1487,12736.84
4036,270.1,209,404,5.3,1487,12736.84
4037,270.1,209,404,5.3,1487,12736.84
4038,270.1,209,404,5.3,1487,12736.84
4039,270.1,209,404,5.3,1487,12736.84
4040,270.1,209,404,5.3,1487,12736.84
4041,270.1,209,404,5.3,1487,12736.84
4042,270.1,209,404,5.3,1487,12736.84
4043,270.1,209,404,5.3,1487,12736.84
4044,270.1,209,404,5.3,1487,12736.84
4045,270.1,209,404,5.3,1487,12736.84
4046,270.1,209,404,5.3,1487,12736.84
4047,270.1,209,404,5.3,1487,12736.84
4048,270.1,209,404,5.3,1487,12736.84
4049,270.1,209,404,5.3,1487,12736.84
4050,270.1,209,404,5.3,1487,12736.84
4051,270.1,209,404,5.3,1487,12736.84
4052,270.1,209,404,5.3,1487,12736.84
4053,270.1,209,404,5.3,1487,12736.84
4054,270.1,209,404,5.3,1487,12736.84
4055,270.1,209,404,5.3,1487,12736.84
4056,270.1,209,404,5.3,1487,12736.84
4057,270.1,209,404,5.3,1487,12736.84
4058,270.1,209,404,5.3,1487,12736.84
4059,270.1,209,404,5.3,1487,12736.84
4060,270.1,209,404,5.3,1487,12736.84
4061,270.1,209,404,5.3,1487,12736.84
4062,270.1,209,404,5.3,1487,12736.84
4063,270.1,209,404,5.3,1487,12736.84
4064,270.1,209,404,5.3,1487,12736.84
4065,270.1,209,404,5.3,1487,12736.84
4066,270.1,209,404,5.3,1487,12736.84
4067,270.1,209,404,5.3,1487,12736.84
4068,210.2,216,410,3.99,1386,12337.96
4069,210.2,216,410,3.99,1386,12337.96
4070,210.2,216,410,3.99,1386,12337.96
4071,210.2,216,410,3.99,1386,12337.96
4072,210.2,216,410,3.99,1386,12337.96
4073,210.2,216,410,3.99,1386,12337.96
4074,210.2,216,410,3.99,1386,12337.96
4075,210.2,216,410,3.99,1386,12337.96
4076,210.2,216,410,3.99,1386,12337.96
4077,210.2,216,410,3.99,1386,12337.96
4078,210.2,216,410,3.99,1386,12337.96
4079,210.2,216,410,3.99,1386,12337.96
4080,210.2,216,410,3.99,1386,12337.96
4081,210.2,216,410,3.99,1386,12337.96
4082,210.2,216,410,3.99,1386,12337.96
4083,210.2,216,410,3.99,1386,12337.96
4084,210.2,216,410,3.99,1386,12337.96
4085,210.2,216,410,3.99,1386,12337.96
4086,210.2,216,410,3.99,1386,12337.96
4087,210.2,216,410,3.99,1386,12337.96
4088,210.2,216,410,3.99,1386,12337.96
4089,210.2,216,410,3.99,1386,12337.96
4090,210.2,216,410,3.99,1386,12337.96
4091,210.2,216,410,3.99,1386,12337.96
4092,210.2,216,410,3.99,1386,12337.96
4093,210.2,216,410,3.99,1386,12337.96
4094,210.2,216,410,3.99,1386,12337.96
4095,210.2,216,410,3.99,1386,12337.96
4096,210.2,216,410,3.99,1386,12337.96
4097,210.2,216,410,3.99,1386,12337.96
4098,210.2,216,410,3.99,1386,12337.96
4099,210.2,216,410,3.99,1386,12337.96
4100,210.2,216,410,3.99,1386,12337.96
4101,171.2,208,402,3.99,1549,12793.27
4102,171.2,208,402,3.99,1549,12793.27
4103,171.2,208,402,3.99,1549,12793.27
4104,171.2,208,402,3.99,1549,12793.27
4105,171.2,208,402,3.99,1549,12793.27
4106,171.2,208,402,3.99,1549,12793.27
4107,171.2,208,402,3.99,1549,12793.27
4108,171.2,208,402,3.99,1549,12793.27
4109,171.2,208,402,3.99,1549,12793.27
4110,171.2,208,402,3.99,1549,12793.27
4111,171.2,208,402,3.99,1549,12793.27
4112,171.2,208,402,3.99,1549,12793.27
4113,171.2,208,402,3.99,1549,12793.27
4114,171.2,208,402,3.99,1549,12793.27
4115,171.2,208,402,3.99,1549,12793.27
4116,171.2,208,402,3.99,1549,12793.27
4117,171.2,208,402,3.99,1549,12793.27
4118,171.2,208,402,3.99,1549,12793.27
4119,171.2,208,402,3.99,1549,12793.27
4120,171.2,208,402,3.99,1549,12793.27
4121,171.2,208,402,3.99,1549,12793.27
4122,171.2,208,402,3.99,1549,12793.27
4123,171.2,208,402,3.99,1549,12793.27
4124,171.2,208,402,3.99,1549,12793.27
4125,171.2,208,402,3.99,1549,12793.27
4126,171.2,208,402,3.99,1549,12793.27
4127,171.2,208,402,3.99,1549,12793.27
4128,171.2,208,402,3.99,1549,12793.27
4129,171.2,208,402,3.99,1549,12793.27
4130,171.2,208,402,3.99,1549,12793.27
4131,171.2,208,402,3.99,1549,12793.27
4132,171.2,208,402,3.99,1549,12793.27
4133,171.2,208,402,3.99,1549,12793.27
4134,171.2,208,402,3.99,1549,12793.27
4135,61.1,148,347,30.3,1528,17821.62
4136,61.1,148,347,30.3,1528,17821.62
4137,61.1,148,347,30.3,1528,17821.62
4138,61.1,148,347,30.3,1528,17821.62
4139,61.1,148,347,30.3,1528,17821.62
4140,61.1,148,347,30.3,1528,17821.62
4141,61.1,148,347,30.3,1528,17821.62
4142,61.1,148,347,30.3,1528,17821.62
4143,61.1,148,347,30.3,1528,17821.62
4144,61.1,148,347,30.3,1528,17821.62
4145,61.1,148,347,30.3,1528,17821.62
4146,61.1,148,347,30.3,1528,17821.62
4147,61.1,148,347,30.3,1528,17821.62
4148,61.1,148,347,30.3,1528,17821.62
4149,61.1,148,347,30.3,1528,17821.62
4150,61.1,148,347,30.3,1528,17821.62
4151,61.1,148,347,30.3,1528,17821.62
4152,61.1,148,347,30.3,1528,17821.62
4153,61.1,148,347,30.3,1528,17821.62
4154,61.1,148,347,30.3,1528,17821.62
4155,61.1,148,347,30.3,1528,17821.62
4156,61.1,148,347,30.3,1528,17821.62
4157,61.1,148,347,30.3,1528,17821.62
4158,61.1,148,347,30.3,1528,17821.62
4159,61.1,148,347,30.3,1528,17821.62
4160,61.1,148,347,30.3,1528,17821.62
4161,61.1,148,347,30.3,1528,17821.62
4162,61.1,148,347,30.3,1528,17821.62
4163,61.1,148,347,30.3,1528,17821.62
4164,61.1,148,347,30.3,1528,17821.62
4165,61.1,148,347,30.3,1528,17821.62
4166,61.1,148,347,30.3,1528,17821.62
4167,61.1,148,347,30.3,1528,17821.62
4168,124.2,134,328,3.99,1657,19641.79
4169,124.2,134,328,3.99,1657,19641.79
4170,124.2,134,328,3.99,1657,19641.79
4171,124.2,134,328,3.99,1657,19641.79
4172,124.2,134,328,3.99,1657,19641.79
4173,124.2,134,328,3.99,1657,19641.79
4174,124.2,134,328,3.99,1657,19641.79
4175,124.2,134,328,3.99,1657,19641.79
4176,124.2,134,328,3.99,1657,19641.79
4177,124.2,134,328,3.99,1657,19641.79
4178,124.2,134,328,3.99,1657,19641.79
4179,124.2,134,328,3.99,1657,19641.79
4180,124.2,134,328,3.99,1657,19641.79
4181,124.2,134,328,3.99,1657,19641.79
4182,124.2,134,328,3.99,1657,19641.79
4183,124.2,134,328,3.99,1657,19641.79
4184,124.2,134,328,3.99,1657,19641.79
4185,124.2,134,328,3.99,1657,19641.79
4186,124.2,134,328,3.99,1657,19641.79
4187,124.2,134,328,3.99,1657,19641.79
4188,124.2,134,328,3.99,1657,19641.79
4189,124.2,134,328,3.99,1657,19641.79
4190,124.2,134,328,3.99,1657,19641.79
4191,124.2,134,328,3.99,1657,19641.79
4192,124.2,134,328,3.99,1657,19641.79
4193,124.2,134,328,3.99,1657,19641.79
4194,124.2,134,328,3.99,1657,19641.79
4195,124.2,134,328,3.99,1657,19641.79
4196,124.2,134,328,3.99,1657,19641.79
4197,124.2,134,328,3.99,1657,19641.79
4198,124.2,134,328,3.99,1657,19641.79
4199,124.2,134,328,3.99,1657,19641.79
4200,124.2,134,328,3.99,1657,19641.79
4201,56.2,199,395,6.97,1480,13376.88
4202,56.2,199,395,6.97,1480,13376.88
4203,56.2,199,395,6.97,1480,13376.88
4204,56.2,199,395,6.97,1480,13376.88
4205,56.2,199,395,6.97,1480,13376.88
4206,56.2,199,395,6.97,1480,13376.88
4207,56.2,199,395,6.97,1480,13376.88
4208,56.2,199,395,6.97,1480,13376.88
4209,56.2,199,395,6.97,1480,13376.88
4210,56.2,199,395,6.97,1480,13376.88
4211,56.2,199,395,6.97,1480,13376.88
4212,56.2,199,395,6.97,1480,13376.88
4213,56.2,199,395,6.97,1480,13376.88
4214,56.2,199,395,6.97,1480,13376.88
4215,56.2,199,395,6.97,1480,13376.88
4216,56.2,199,395,6.97,1480,13376.88
4217,56.2,199,395,6.97,1480,13376.88
4218,56.2,199,395,6.97,1480,13376.88
4219,56.2,199,395,6.97,1480,13376.88
4220,56.2,199,395,6.97,1480,13376.88
4221,56.2,199,395,6.97,1480,13376.88
4222,56.2,199,395,6.97,1480,13376.88
4223,56.2,199,395,6.97,1480,13376.88
4224,56.2,199,395,6.97,1480,13376.88
4225,56.2,199,395,6.97,1480,13376.88
4226,56.2,199,395,6.97,1480,13376.88
4227,56.2,199,395,6.97,1480,13376.88
4228,56.2,199,395,6.97,1480,13376.88
4229,56.2,199,395,6.97,1480,13376.88
4230,56.2,199,395,6.97,1480,13376.88
4231,56.2,199,395,6.97,1480,13376.88
4232,56.2,199,395,6.97,1480,13376.88
4233,56.2,199,395,6.97,1480,13376.88
4234,56.2,199,395,6.97,1480,13376.88
4235,61.2,135,329,3.99,1524,19496.3
4236,61.2,135,329,3.99,1524,19496.3
4237,61.2,135,329,3.99,1524,19496.3
4238,61.2,135,329,3.99,1524,19496.3
4239,61.2,135,329,3.99,1524,19496.3
4240,61.2,135,329,3.99,1524,19496.3
4241,61.2,135,329,3.99,1524,19496.3
4242,61.2,135,329,3.99,1524,19496.3
4243,61.2,135,329,3.99,1524,19496.3
4244,61.2,135,329,3.99,1524,19496.3
4245,61.2,135,329,3.99,1524,19496.3
4246,61.2,135,329,3.99,1524,19496.3
4247,61.2,135,329,3.99,1524,19496.3
4248,61.2,135,329,3.99,1524,19496.3
4249,61.2,135,329,3.99,1524,19496.3
4250,61.2,135,329,3.99,1524,19496.3
4251,61.2,135,329,3.99,1524,19496.3
4252,61.2,135,329,3.99,1524,19496.3
4253,61.2,135,329,3.99,1524,19496.3
4254,61.2,135,329,3.99,1524,19496.3
4255,61.2,135,329,3.99,1524,19496.3
4256,61.2,135,329,3.99,1524,19496.3
4257,61.2,135,329,3.99,1524,19496.3
4258,61.2,135,329,3.99,1524,19496.3
4259,61.2,135,329,3.99,1524,19496.3
4260,61.2,135,329,3.99,1524,19496.3
4261,61.2,135,329,3.99,1524,19496.3
4262,61.2,135,329,3.99,1524,19496.3
4263,61.2,135,329,3.99,1524,19496.3
4264,61.2,135,329,3.99,1524,19496.3
4265,61.2,135,329,3.99,1524,19496.3
4266,61.2,135,329,3.99,1524,19496.3
4267,61.2,135,329,3.99,1524,19496.3
4268,55.6,134,328,3.99,1629,19641.79
4269,55.6,134,328,3.99,1629,19641.79
4270,55.6,134,328,3.99,1629,19641.79
4271,55.6,134,328,3.99,1629,19641.79
4272,55.6,134,328,3.99,1629,19641.79
4273,55.6,134,328,3.99,1629,19641.79
4274,55.6,134,328,3.99,1629,19641.79
4275,55.6,134,328,3.99,1629,19641.79
4276,55.6,134,328,3.99,1629,19641.79
4277,55.6,134,328,3.99,1629,19641.79
4278,55.6,134,328,3.99,1629,19641.79
4279,55.6,134,328,3.99,1629,19641.79
4280,55.6,134,328,3.99,1629,19641.79
4281,55.6,134,328,3.99,1629,19641.79
4282,55.6,134,328,3.99,1629,19641.79
4283,55.6,134,328,3.99,1629,19641.79
4284,55.6,134,328,3.99,1629,19641.79
4285,55.6,134,328,3.99,1629,19641.79
4286,55.6,134,328,3.99,1629,19641.79
4287,55.6,134,328,3.99,1629,19641.79
4288,55.6,134,328,3.99,1629,19641.79
4289,55.6,134,328,3.99,1629,19641.79
4290,55.6,134,328,3.99,1629,19641.79
4291,55.6,134,328,3.99,1629,19641.79
4292,55.6,134,328,3.99,1629,19641.79
4293,55.6,134,328,3.99,1629,19641.79
4294,55.6,134,328,3.99,1629,19641.79
4295,55.6,134,328,3.99,1629,19641.79
4296,55.6,134,328,3.99,1629,19641.79
4297,55.6,134,328,3.99,1629,19641.79
4298,55.6,134,328,3.99,1629,19641.79
4299,55.6,134,328,3.99,1629,19641.79
4300,55.6,134,328,3.99,1629,19641.79
4301,55.7,136,330,3.99,1588,19359.56
4302,55.7,136,330,3.99,1588,19359.56
4303,55.7,136,330,3.99,1588,19359.56
4304,55.7,136,330,3.99,1588,19359.56
4305,55.7,136,330,3.99,1588,19359.56
4306,55.7,136,330,3.99,1588,19359.56
4307,55.7,136,330,3.99,1588,19359.56
4308,55.7,136,330,3.99,1588,19359.56
4309,55.7,136,330,3.99,1588,19359.56
4310,55.7,136,330,3.99,1588,19359.56
4311,55.7,136,330,3.99,1588,19359.56
4312,55.7,136,330,3.99,1588,19359.56
4313,55.7,136,330,3.99,1588,19359.56
4314,55.7,136,330,3.99,1588,19359.56
4315,55.7,136,330,3.99,1588,19359.56
4316,55.7,136,330,3.99,1588,19359.56
4317,55.7,136,330,3.99,1588,19359.56
4318,55.7,136,330,3.99,1588,19359.56
4319,55.7,136,330,3.99,1588,19359.56
4320,55.7,136,330,3.99,1588,19359.56
4321,55.7,136,330,3.99,1588,19359.56
4322,55.7,136,330,3.99,1588,19359.56
4323,55.7,136,330,3.99,1588,19359.56
4324,55.7,136,330,3.99,1588,19359.56
4325,55.7,136,330,3.99,1588,19359.56
4326,55.7,136,330,3.99,1588,19359.56
4327,55.7,136,330,3.99,1588,19359.56
4328,55.7,136,330,3.99,1588,19359.56
4329,55.7,136,330,3.99,1588,19359.56
4330,55.7,136,330,3.99,1588,19359.56
4331,55.7,136,330,3.99,1588,19359.56
4332,55.7,136,330,3.99,1588,19359.56
4333,55.7,136,330,3.99,1588,19359.56
4334,55.7,136,330,3.99,1588,19359.56
4335,56,137.39,331.43,5.15,1614.44,19168.06
4336,56,137.39,331.43,5.15,1614.44,19168.06
4337,56,137.39,331.43,5.15,1614.44,19168.06
4338,56,137.39,331.43,5.15,1614.44,19168.06
4339,56,137.39,331.43,5.15,1614.44,19168.06
4340,56,137.39,331.43,5.15,1614.44,19168.06
4341,56,137.39,331.43,5.15,1614.44,19168.06
4342,56,137.39,331.43,5.15,1614.44,19168.06
4343,56,137.39,331.43,5.15,1614.44,19168.06
4344,56,137.39,331.43,5.15,1614.44,19168.06
4345,56,137.39,331.43,5.15,1614.44,19168.06
4346,56,137.39,331.43,5.15,1614.44,19168.06
4347,56,137.39,331.43,5.15,1614.44,19168.06
4348,56,137.39,331.43,5.15,1614.44,19168.06
4349,56,137.39,331.43,5.15,1614.44,19168.06
4350,56,137.39,331.43,5.15,1614.44,19168.06
4351,56,137.39,331.43,5.15,1614.44,19168.06
4352,56,137.39,331.43,5.15,1614.44,19168.06
4353,56,137.39,331.43,5.15,1614.44,19168.06
4354,56,137.39,331.43,5.15,1614.44,19168.06
4355,56,137.39,331.43,5.15,1614.44,19168.06
4356,56,137.39,331.43,5.15,1614.44,19168.06
4357,56,137.39,331.43,5.15,1614.44,19168.06
4358,56,137.39,331.43,5.15,1614.44,19168.06
4359,56,137.39,331.43,5.15,1614.44,19168.06
4360,56,137.39,331.43,5.15,1614.44,19168.06
4361,56,137.39,331.43,5.15,1614.44,19168.06
4362,56,137.39,331.43,5.15,1614.44,19168.06
4363,56,137.39,331.43,5.15,1614.44,19168.06
4364,56,137.39,331.43,5.15,1614.44,19168.06
4365,56,137.39,331.43,5.15,1614.44,19168.06
4366,56,137.39,331.43,5.15,1614.44,19168.06
4367,56,137.39,331.43,5.15,1614.44,19168.06
4368,256.5,214,409,5.22,1583,12448.6
4369,256.5,214,409,5.22,1583,12448.6
4370,256.5,214,409,5.22,1583,12448.6
4371,256.5,214,409,5.22,1583,12448.6
4372,256.5,214,409,5.22,1583,12448.6
4373,256.5,214,409,5.22,1583,12448.6
4374,256.5,214,409,5.22,1583,12448.6
4375,256.5,214,409,5.22,1583,12448.6
4376,256.5,214,409,5.22,1583,12448.6
4377,256.5,214,409,5.22,1583,12448.6
4378,256.5,214,409,5.22,1583,12448.6
4379,256.5,214,409,5.22,1583,12448.6
4380,256.5,214,409,5.22,1583,12448.6
4381,256.5,214,409,5.22,1583,12448.6
4382,256.5,214,409,5.22,1583,12448.6
4383,256.5,214,409,5.22,1583,12448.6
4384,256.5,214,409,5.22,1583,12448.6
4385,256.5,214,409,5.22,1583,12448.6
4386,256.5,214,409,5.22,1583,12448.6
4387,256.5,214,409,5.22,1583,12448.6
4388,256.5,214,409,5.22,1583,12448.6
4389,256.5,214,409,5.22,1583,12448.6
4390,256.5,214,409,5.22,1583,12448.6
4391,256.5,214,409,5.22,1583,12448.6
4392,256.5,214,409,5.22,1583,12448.6
4393,256.5,214,409,5.22,1583,12448.6
4394,256.5,214,409,5.22,1583,12448.6
4395,256.5,214,409,5.22,1583,12448.6
4396,256.5,214,409,5.22,1583,12448.6
4397,256.5,214,409,5.22,1583,12448.6
4398,256.5,214,409,5.22,1583,12448.6
4399,256.5,214,409,5.22,1583,12448.6
4400,256.5,214,409,5.22,1583,12448.6
4401,349.1,185,380,5.91,1496,14337.3
4402,349.1,185,380,5.91,1496,14337.3
4403,349.1,185,380,5.91,1496,14337.3
4404,349.1,185,380,5.91,1496,14337.3
4405,349.1,185,380,5.91,1496,14337.3
4406,349.1,185,380,5.91,1496,14337.3
4407,349.1,185,380,5.91,1496,14337.3
4408,349.1,185,380,5.91,1496,14337.3
4409,349.1,185,380,5.91,1496,14337.3
4410,349.1,185,380,5.91,1496,14337.3
4411,349.1,185,380,5.91,1496,14337.3
4412,349.1,185,380,5.91,1496,14337.3
4413,349.1,185,380,5.91,1496,14337.3
4414,349.1,185,380,5.91,1496,14337.3
4415,349.1,185,380,5.91,1496,14337.3
4416,349.1,185,380,5.91,1496,14337.3
4417,349.1,185,380,5.91,1496,14337.3
4418,349.1,185,380,5.91,1496,14337.3
4419,349.1,185,380,5.91,1496,14337.3
4420,349.1,185,380,5.91,1496,14337.3
4421,349.1,185,380,5.91,1496,14337.3
4422,349.1,185,380,5.91,1496,14337.3
4423,349.1,185,380,5.91,1496,14337.3
4424,349.1,185,380,5.91,1496,14337.3
4425,349.1,185,380,5.91,1496,14337.3
4426,349.1,185,380,5.91,1496,14337.3
4427,349.1,185,380,5.91,1496,14337.3
4428,349.1,185,380,5.91,1496,14337.3
4429,349.1,185,380,5.91,1496,14337.3
4430,349.1,185,380,5.91,1496,14337.3
4431,349.1,185,380,5.91,1496,14337.3
4432,349.1,185,380,5.91,1496,14337.3
4433,349.1,185,380,5.91,1496,14337.3
4434,349.1,185,380,5.91,1496,14337.3
4435,98.2,188,383,5.81,1406,14106.38
4436,98.2,188,383,5.81,1406,14106.38
4437,98.2,188,383,5.81,1406,14106.38
4438,98.2,188,383,5.81,1406,14106.38
4439,98.2,188,383,5.81,1406,14106.38
4440,98.2,188,383,5.81,1406,14106.38
4441,98.2,188,383,5.81,1406,14106.38
4442,98.2,188,383,5.81,1406,14106.38
4443,98.2,188,383,5.81,1406,14106.38
4444,98.2,188,383,5.81,1406,14106.38
4445,98.2,188,383,5.81,1406,14106.38
4446,98.2,188,383,5.81,1406,14106.38
4447,98.2,188,383,5.81,1406,14106.38
4448,98.2,188,383,5.81,1406,14106.38
4449,98.2,188,383,5.81,1406,14106.38
4450,98.2,188,383,5.81,1406,14106.38
4451,98.2,188,383,5.81,1406,14106.38
4452,98.2,188,383,5.81,1406,14106.38
4453,98.2,188,383,5.81,1406,14106.38
4454,98.2,188,383,5.81,1406,14106.38
4455,98.2,188,383,5.81,1406,14106.38
4456,98.2,188,383,5.81,1406,14106.38
4457,98.2,188,383,5.81,1406,14106.38
4458,98.2,188,383,5.81,1406,14106.38
4459,98.2,188,383,5.81,1406,14106.38
4460,98.2,188,383,5.81,1406,14106.38
4461,98.2,188,383,5.81,1406,14106.38
4462,98.2,188,383,5.81,1406,14106.38
4463,98.2,188,383,5.81,1406,14106.38
4464,98.2,188,383,5.81,1406,14106.38
4465,98.2,188,383,5.81,1406,14106.38
4466,98.2,188,383,5.81,1406,14106.38
4467,98.2,188,383,5.81,1406,14106.38
4468,66.2,146.9,341.2,6.26,1403,17985.02
4469,66.2,146.9,341.2,6.26,1403,17985.02
4470,66.2,146.9,341.2,6.26,1403,17985.02
4471,66.2,146.9,341.2,6.26,1403,17985.02
4472,66.2,146.9,341.2,6.26,1403,17985.02
4473,66.2,146.9,341.2,6.26,1403,17985.02
4474,66.2,146.9,341.2,6.26,1403,17985.02
4475,66.2,146.9,341.2,6.26,1403,17985.02
4476,66.2,146.9,341.2,6.26,1403,17985.02
4477,66.2,146.9,341.2,6.26,1403,17985.02
4478,66.2,146.9,341.2,6.26,1403,17985.02
4479,66.2,146.9,341.2,6.26,1403,17985.02
4480,66.2,146.9,341.2,6.26,1403,17985.02
4481,66.2,146.9,341.2,6.26,1403,17985.02
4482,66.2,146.9,341.2,6.26,1403,17985.02
4483,66.2,146.9,341.2,6.26,1403,17985.02
4484,66.2,146.9,341.2,6.26,1403,17985.02
4485,66.2,146.9,341.2,6.26,1403,17985.02
4486,66.2,146.9,341.2,6.26,1403,17985.02
4487,66.2,146.9,341.2,6.26,1403,17985.02
4488,66.2,146.9,341.2,6.26,1403,17985.02
4489,66.2,146.9,341.2,6.26,1403,17985.02
4490,66.2,146.9,341.2,6.26,1403,17985.02
4491,66.2,146.9,341.2,6.26,1403,17985.02
4492,66.2,146.9,341.2,6.26,1403,17985.02
4493,66.2,146.9,341.2,6.26,1403,17985.02
4494,66.2,146.9,341.2,6.26,1403,17985.02
4495,66.2,146.9,341.2,6.26,1403,17985.02
4496,66.2,146.9,341.2,6.26,1403,17985.02
4497,66.2,146.9,341.2,6.26,1403,17985.02
4498,66.2,146.9,341.2,6.26,1403,17985.02
4499,66.2,146.9,341.2,6.26,1403,17985.02
4500,66.2,146.9,341.2,6.26,1403,17985.02
4501,62.2,157.8,352.3,6.04,1452,16742.71
4502,62.2,157.8,352.3,6.04,1452,16742.71
4503,62.2,157.8,352.3,6.04,1452,16742.71
4504,62.2,157.8,352.3,6.04,1452,16742.71
4505,62.2,157.8,352.3,6.04,1452,16742.71
4506,62.2,157.8,352.3,6.04,1452,16742.71
4507,62.2,157.8,352.3,6.04,1452,16742.71
4508,62.2,157.8,352.3,6.04,1452,16742.71
4509,62.2,157.8,352.3,6.04,1452,16742.71
4510,62.2,157.8,352.3,6.04,1452,16742.71
4511,62.2,157.8,352.3,6.04,1452,16742.71
4512,62.2,157.8,352.3,6.04,1452,16742.71
4513,62.2,157.8,352.3,6.04,1452,16742.71
4514,62.2,157.8,352.3,6.04,1452,16742.71
4515,62.2,157.8,352.3,6.04,1452,16742.71
4516,62.2,157.8,352.3,6.04,1452,16742.71
4517,62.2,157.8,352.3,6.04,1452,16742.71
4518,62.2,157.8,352.3,6.04,1452,16742.71
4519,62.2,157.8,352.3,6.04,1452,16742.71
4520,62.2,157.8,352.3,6.04,1452,16742.71
4521,62.2,157.8,352.3,6.04,1452,16742.71
4522,62.2,157.8,352.3,6.04,1452,16742.71
4523,62.2,157.8,352.3,6.04,1452,16742.71
4524,62.2,157.8,352.3,6.04,1452,16742.71
4525,62.2,157.8,352.3,6.04,1452,16742.71
4526,62.2,157.8,352.3,6.04,1452,16742.71
4527,62.2,157.8,352.3,6.04,1452,16742.71
4528,62.2,157.8,352.3,6.04,1452,16742.71
4529,62.2,157.8,352.3,6.04,1452,16742.71
4530,62.2,157.8,352.3,6.04,1452,16742.71
4531,62.2,157.8,352.3,6.04,1452,16742.71
4532,62.2,157.8,352.3,6.04,1452,16742.71
4533,62.2,157.8,352.3,6.04,1452,16742.71
4534,62.2,157.8,352.3,6.04,1452,16742.71
4535,54.3,139,333,3.99,1458,18948.2
4536,54.3,139,333,3.99,1458,18948.2
4537,54.3,139,333,3.99,1458,18948.2
4538,54.3,139,333,3.99,1458,18948.2
4539,54.3,139,333,3.99,1458,18948.2
4540,54.3,139,333,3.99,1458,18948.2
4541,54.3,139,333,3.99,1458,18948.2
4542,54.3,139,333,3.99,1458,18948.2
4543,54.3,139,333,3.99,1458,18948.2
4544,54.3,139,333,3.99,1458,18948.2
4545,54.3,139,333,3.99,1458,18948.2
4546,54.3,139,333,3.99,1458,18948.2
4547,54.3,139,333,3.99,1458,18948.2
4548,54.3,139,333,3.99,1458,18948.2
4549,54.3,139,333,3.99,1458,18948.2
4550,54.3,139,333,3.99,1458,18948.2
4551,54.3,139,333,3.99,1458,18948.2
4552,54.3,139,333,3.99,1458,18948.2
4553,54.3,139,333,3.99,1458,18948.2
4554,54.3,139,333,3.99,1458,18948.2
4555,54.3,139,333,3.99,1458,18948.2
4556,54.3,139,333,3.99,1458,18948.2
4557,54.3,139,333,3.99,1458,18948.2
4558,54.3,139,333,3.99,1458,18948.2
4559,54.3,139,333,3.99,1458,18948.2
4560,54.3,139,333,3.99,1458,18948.2
4561,54.3,139,333,3.99,1458,18948.2
4562,54.3,139,333,3.99,1458,18948.2
4563,54.3,139,333,3.99,1458,18948.2
4564,54.3,139,333,3.99,1458,18948.2
4565,54.3,139,333,3.99,1458,18948.2
4566,54.3,139,333,3.99,1458,18948.2
4567,54.3,139,333,3.99,1458,18948.2
4568,54.65,145,339,3.99,1519,18182.76
4569,54.65,145,339,3.99,1519,18182.76
4570,54.65,145,339,3.99,1519,18182.76
4571,54.65,145,339,3.99,1519,18182.76
4572,54.65,145,339,3.99,1519,18182.76
4573,54.65,145,339,3.99,1519,18182.76
4574,54.65,145,339,3.99,1519,18182.76
4575,54.65,145,339,3.99,1519,18182.76
4576,54.65,145,339,3.99,1519,18182.76
4577,54.65,145,339,3.99,1519,18182.76
4578,54.65,145,339,3.99,1519,18182.76
4579,54.65,145,339,3.99,1519,18182.76
4580,54.65,145,339,3.99,1519,18182.76
4581,54.65,145,339,3.99,1519,18182.76
4582,54.65,145,339,3.99,1519,18182.76
4583,54.65,145,339,3.99,1519,18182.76
4584,54.65,145,339,3.99,1519,18182.76
4585,54.65,145,339,3.99,1519,18182.76
4586,54.65,145,339,3.99,1519,18182.76
4587,54.65,145,339,3.99,1519,18182.76
4588,54.65,145,339,3.99,1519,18182.76
4589,54.65,145,339,3.99,1519,18182.76
4590,54.65,145,339,3.99,1519,18182.76
4591,54.65,145,339,3.99,1519,18182.76
4592,54.65,145,339,3.99,1519,18182.76
4593,54.65,145,339,3.99,1519,18182.76
4594,54.65,145,339,3.99,1519,18182.76
4595,54.65,145,339,3.99,1519,18182.76
4596,54.65,145,339,3.99,1519,18182.76
4597,54.65,145,339,3.99,1519,18182.76
4598,54.65,145,339,3.99,1519,18182.76
4599,54.65,145,339,3.99,1519,18182.76
4600,54.65,145,339,3.99,1519,18182.76
4601,54.2,139,333,3.99,1345,18935.25
4602,54.2,139,333,3.99,1345,18935.25
4603,54.2,139,333,3.99,1345,18935.25
4604,54.2,139,333,3.99,1345,18935.25
4605,54.2,139,333,3.99,1345,18935.25
4606,54.2,139,333,3.99,1345,18935.25
4607,54.2,139,333,3.99,1345,18935.25
4608,54.2,139,333,3.99,1345,18935.25
4609,54.2,139,333,3.99,1345,18935.25
4610,54.2,139,333,3.99,1345,18935.25
4611,54.2,139,333,3.99,1345,18935.25
4612,54.2,139,333,3.99,1345,18935.25
4613,54.2,139,333,3.99,1345,18935.25
4614,54.2,139,333,3.99,1345,18935.25
4615,54.2,139,333,3.99,1345,18935.25
4616,54.2,139,333,3.99,1345,18935.25
4617,54.2,139,333,3.99,1345,18935.25
4618,54.2,139,333,3.99,1345,18935.25
4619,54.2,139,333,3.99,1345,18935.25
4620,54.2,139,333,3.99,1345,18935.25
4621,54.2,139,333,3.99,1345,18935.25
4622,54.2,139,333,3.99,1345,18935.25
4623,54.2,139,333,3.99,1345,18935.25
4624,54.2,139,333,3.99,1345,18935.25
4625,54.2,139,333,3.99,1345,18935.25
4626,54.2,139,333,3.99,1345,18935.25
4627,54.2,139,333,3.99,1345,18935.25
4628,54.2,139,333,3.99,1345,18935.25
4629,54.2,139,333,3.99,1345,18935.25
4630,54.2,139,333,3.99,1345,18935.25
4631,54.2,139,333,3.99,1345,18935.25
4632,54.2,139,333,3.99,1345,18935.25
4633,54.2,139,333,3.99,1345,18935.25
4634,54.2,139,333,3.99,1345,18935.25
4635,54.2,147.08,355.83,56.99,1370,17895.02
4636,54.2,147.08,355.83,56.99,1370,17895.02
4637,54.2,147.08,355.83,56.99,1370,17895.02
4638,54.2,147.08,355.83,56.99,1370,17895.02
4639,54.2,147.08,355.83,56.99,1370,17895.02
4640,54.2,147.08,355.83,56.99,1370,17895.02
4641,54.2,147.08,355.83,56.99,1370,17895.02
4642,54.2,147.08,355.83,56.99,1370,17895.02
4643,54.2,147.08,355.83,56.99,1370,17895.02
4644,54.2,147.08,355.83,56.99,1370,17895.02
4645,54.2,147.08,355.83,56.99,1370,17895.02
4646,54.2,147.08,355.83,56.99,1370,17895.02
4647,54.2,147.08,355.83,56.99,1370,17895.02
4648,54.2,147.08,355.83,56.99,1370,17895.02
4649,54.2,147.08,355.83,56.99,1370,17895.02
4650,54.2,147.08,355.83,56.99,1370,17895.02
4651,54.2,147.08,355.83,56.99,1370,17895.02
4652,54.2,147.08,355.83,56.99,1370,17895.02
4653,54.2,147.08,355.83,56.99,1370,17895.02
4654,54.2,147.08,355.83,56.99,1370,17895.02
4655,54.2,147.08,355.83,56.99,1370,17895.02
4656,54.2,147.08,355.83,56.99,1370,17895.02
4657,54.2,147.08,355.83,56.99,1370,17895.02
4658,54.2,147.08,355.83,56.99,1370,17895.02
4659,54.2,147.08,355.83,56.99,1370,17895.02
4660,54.2,147.08,355.83,56.99,1370,17895.02
4661,54.2,147.08,355.83,56.99,1370,17895.02
4662,54.2,147.08,355.83,56.99,1370,17895.02
4663,54.2,147.08,355.83,56.99,1370,17895.02
4664,54.2,147.08,355.83,56.99,1370,17895.02
4665,54.2,147.08,355.83,56.99,1370,17895.02
4666,54.2,147.08,355.83,56.99,1370,17895.02
4667,54.2,147.08,355.83,56.99,1370,17895.02
4668,55.2,142,336,3.99,1516,18535.21
4669,55.2,142,336,3.99,1516,18535.21
4670,55.2,142,336,3.99,1516,18535.21
4671,55.2,142,336,3.99,1516,18535.21
4672,55.2,142,336,3.99,1516,18535.21
4673,55.2,142,336,3.99,1516,18535.21
4674,55.2,142,336,3.99,1516,18535.21
4675,55.2,142,336,3.99,1516,18535.21
4676,55.2,142,336,3.99,1516,18535.21
4677,55.2,142,336,3.99,1516,18535.21
4678,55.2,142,336,3.99,1516,18535.21
4679,55.2,142,336,3.99,1516,18535.21
4680,55.2,142,336,3.99,1516,18535.21
4681,55.2,142,336,3.99,1516,18535.21
4682,55.2,142,336,3.99,1516,18535.21
4683,55.2,142,336,3.99,1516,18535.21
4684,55.2,142,336,3.99,1516,18535.21
4685,55.2,142,336,3.99,1516,18535.21
4686,55.2,142,336,3.99,1516,18535.21
4687,55.2,142,336,3.99,1516,18535.21
4688,55.2,142,336,3.99,1516,18535.21
4689,55.2,142,336,3.99,1516,18535.21
4690,55.2,142,336,3.99,1516,18535.21
4691,55.2,142,336,3.99,1516,18535.21
4692,55.2,142,336,3.99,1516,18535.21
4693,55.2,142,336,3.99,1516,18535.21
4694,55.2,142,336,3.99,1516,18535.21
4695,55.2,142,336,3.99,1516,18535.21
4696,55.2,142,336,3.99,1516,18535.21
4697,55.2,142,336,3.99,1516,18535.21
4698,55.2,142,336,3.99,1516,18535.21
4699,55.2,142,336,3.99,1516,18535.21
4700,55.2,142,336,3.99,1516,18535.21
4701,58.2,136.8,330.95,9.07,1510,19239.77
4702,58.2,136.8,330.95,9.07,1510,19239.77
4703,58.2,136.8,330.95,9.07,1510,19239.77
4704,58.2,136.8,330.95,9.07,1510,19239.77
4705,58.2,136.8,330.95,9.07,1510,19239.77
4706,58.2,136.8,330.95,9.07,1510,19239.77
4707,58.2,136.8,330.95,9.07,1510,19239.77
4708,58.2,136.8,330.95,9.07,1510,19239.77
4709,58.2,136.8,330.95,9.07,1510,19239.77
4710,58.2,136.8,330.95,9.07,1510,19239.77
4711,58.2,136.8,330.95,9.07,1510,19239.77
4712,58.2,136.8,330.95,9.07,1510,19239.77
4713,58.2,136.8,330.95,9.07,1510,19239.77
4714,58.2,136.8,330.95,9.07,1510,19239.77
4715,58.2,136.8,330.95,9.07,1510,19239.77
4716,58.2,136.8,330.95,9.07,1510,19239.77
4717,58.2,136.8,330.95,9.07,1510,19239.77
4718,58.2,136.8,330.95,9.07,1510,19239.77
4719,58.2,136.8,330.95,9.07,1510,19239.77
4720,58.2,136.8,330.95,9.07,1510,19239.77
4721,58.2,136.8,330.95,9.07,1510,19239.77
4722,58.2,136.8,330.95,9.07,1510,19239.77
4723,58.2,136.8,330.95,9.07,1510,19239.77
4724,58.2,136.8,330.95,9.07,1510,19239.77
4725,58.2,136.8,330.95,9.07,1510,19239.77
4726,58.2,136.8,330.95,9.07,1510,19239.77
4727,58.2,136.8,330.95,9.07,1510,19239.77
4728,58.2,136.8,330.95,9.07,1510,19239.77
4729,58.2,136.8,330.95,9.07,1510,19239.77
4730,58.2,136.8,330.95,9.07,1510,19239.77
4731,58.2,136.8,330.95,9.07,1510,19239.77
4732,58.2,136.8,330.95,9.07,1510,19239.77
4733,58.2,136.8,330.95,9.07,1510,19239.77
4734,58.2,136.8,330.95,9.07,1510,19239.77
4735,58.5,148,343,10.65,1347,17783.78
4736,58.5,148,343,10.65,1347,17783.78
4737,58.5,148,343,10.65,1347,17783.78
4738,58.5,148,343,10.65,1347,17783.78
4739,58.5,148,343,10.65,1347,17783.78
4740,58.5,148,343,10.65,1347,17783.78
4741,58.5,148,343,10.65,1347,17783.78
4742,58.5,148,343,10.65,1347,17783.78
4743,58.5,148,343,10.65,1347,17783.78
4744,58.5,148,343,10.65,1347,17783.78
4745,58.5,148,343,10.65,1347,17783.78
4746,58.5,148,343,10.65,1347,17783.78
4747,58.5,148,343,10.65,1347,17783.78
4748,58.5,148,343,10.65,1347,17783.78
4749,58.5,148,343,10.65,1347,17783.78
4750,58.5,148,343,10.65,1347,17783.78
4751,58.5,148,343,10.65,1347,17783.78
4752,58.5,148,343,10.65,1347,17783.78
4753,58.5,148,343,10.65,1347,17783.78
4754,58.5,148,343,10.65,1347,17783.78
4755,58.5,148,343,10.65,1347,17783.78
4756,58.5,148,343,10.65,1347,17783.78
4757,58.5,148,343,10.65,1347,17783.78
4758,58.5,148,343,10.65,1347,17783.78
4759,58.5,148,343,10.65,1347,17783.78
4760,58.5,148,343,10.65,1347,17783.78
4761,58.5,148,343,10.65,1347,17783.78
4762,58.5,148,343,10.65,1347,17783.78
4763,58.5,148,343,10.65,1347,17783.78
4764,58.5,148,343,10.65,1347,17783.78
4765,58.5,148,343,10.65,1347,17783.78
4766,58.5,148,343,10.65,1347,17783.78
4767,58.5,148,343,10.65,1347,17783.78
4768,533.6,258.2,466,13.99,1172,10380.33
4769,533.6,258.2,466,13.99,1172,10380.33
4770,533.6,258.2,466,13.99,1172,10380.33
4771,533.6,258.2,466,13.99,1172,10380.33
4772,533.6,258.2,466,13.99,1172,10380.33
4773,533.6,258.2,466,13.99,1172,10380.33
4774,533.6,258.2,466,13.99,1172,10380.33
4775,533.6,258.2,466,13.99,1172,10380.33
4776,533.6,258.2,466,13.99,1172,10380.33
4777,533.6,258.2,466,13.99,1172,10380.33
4778,533.6,258.2,466,13.99,1172,10380.33
4779,533.6,258.2,466,13.99,1172,10380.33
4780,533.6,258.2,466,13.99,1172,10380.33
4781,533.6,258.2,466,13.99,1172,10380.33
4782,533.6,258.2,466,13.99,1172,10380.33
4783,533.6,258.2,466,13.99,1172,10380.33
4784,533.6,258.2,466,13.99,1172,10380.33
4785,533.6,258.2,466,13.99,1172,10380.33
4786,533.6,258.2,466,13.99,1172,10380.33
4787,533.6,258.2,466,13.99,1172,10380.33
4788,533.6,258.2,466,13.99,1172,10380.33
4789,533.6,258.2,466,13.99,1172,10380.33
4790,533.6,258.2,466,13.99,1172,10380.33
4791,533.6,258.2,466,13.99,1172,10380.33
4792,533.6,258.2,466,13.99,1172,10380.33
4793,533.6,258.2,466,13.99,1172,10380.33
4794,533.6,258.2,466,13.99,1172,10380.33
4795,533.6,258.2,466,13.99,1172,10380.33
4796,533.6,258.2,466,13.99,1172,10380.33
4797,533.6,258.2,466,13.99,1172,10380.33
4798,533.6,258.2,466,13.99,1172,10380.33
4799,533.6,258.2,466,13.99,1172,10380.33
4800,533.6,258.2,466,13.99,1172,10380.33
4801,321.9,237,446,16.7,855,11275.11
4802,321.9,237,446,16.7,855,11275.11
4803,321.9,237,446,16.7,855,11275.11
4804,321.9,237,446,16.7,855,11275.11
4805,321.9,237,446,16.7,855,11275.11
4806,321.9,237,446,16.7,855,11275.11
4807,321.9,237,446,16.7,855,11275.11
4808,321.9,237,446,16.7,855,11275.11
4809,321.9,237,446,16.7,855,11275.11
4810,321.9,237,446,16.7,855,11275.11
4811,321.9,237,446,16.7,855,11275.11
4812,321.9,237,446,16.7,855,11275.11
4813,321.9,237,446,16.7,855,11275.11
4814,321.9,237,446,16.7,855,11275.11
4815,321.9,237,446,16.7,855,11275.11
4816,321.9,237,446,16.7,855,11275.11
4817,321.9,237,446,16.7,855,11275.11
4818,321.9,237,446,16.7,855,11275.11
4819,321.9,237,446,16.7,855,11275.11
4820,321.9,237,446,16.7,855,11275.11
4821,321.9,237,446,16.7,855,11275.11
4822,321.9,237,446,16.7,855,11275.11
4823,321.9,237,446,16.7,855,11275.11
4824,321.9,237,446,16.7,855,11275.11
4825,321.9,237,446,16.7,855,11275.11
4826,321.9,237,446,16.7,855,11275.11
4827,321.9,237,446,16.7,855,11275.11
4828,321.9,237,446,16.7,855,11275.11
4829,321.9,237,446,16.7,855,11275.11
4830,321.9,237,446,16.7,855,11275.11
4831,321.9,237,446,16.7,855,11275.11
4832,321.9,237,446,16.7,855,11275.11
4833,321.9,237,446,16.7,855,11275.11
4834,321.9,237,446,16.7,855,11275.11
4835,305.7,233,438,13.99,1055,11465.67
4836,305.7,233,438,13.99,1055,11465.67
4837,305.7,233,438,13.99,1055,11465.67
4838,305.7,233,438,13.99,1055,11465.67
4839,305.7,233,438,13.99,1055,11465.67
4840,305.7,233,438,13.99,1055,11465.67
4841,305.7,233,438,13.99,1055,11465.67
4842,305.7,233,438,13.99,1055,11465.67
4843,305.7,233,438,13.99,1055,11465.67
4844,305.7,233,438,13.99,1055,11465.67
4845,305.7,233,438,13.99,1055,11465.67
4846,305.7,233,438,13.99,1055,11465.67
4847,305.7,233,438,13.99,1055,11465.67
4848,305.7,233,438,13.99,1055,11465.67
4849,305.7,233,438,13.99,1055,11465.67
4850,305.7,233,438,13.99,1055,11465.67
4851,305.7,233,438,13.99,1055,11465.67
4852,305.7,233,438,13.99,1055,11465.67
4853,305.7,233,438,13.99,1055,11465.67
4854,305.7,233,438,13.99,1055,11465.67
4855,305.7,233,438,13.99,1055,11465.67
4856,305.7,233,438,13.99,1055,11465.67
4857,305.7,233,438,13.99,1055,11465.67
4858,305.7,233,438,13.99,1055,11465.67
4859,305.7,233,438,13.99,1055,11465.67
4860,305.7,233,438,13.99,1055,11465.67
4861,305.7,233,438,13.99,1055,11465.67
4862,305.7,233,438,13.99,1055,11465.67
4863,305.7,233,438,13.99,1055,11465.67
4864,305.7,233,438,13.99,1055,11465.67
4865,305.7,233,438,13.99,1055,11465.67
4866,305.7,233,438,13.99,1055,11465.67
4867,305.7,233,438,13.99,1055,11465.67
4868,300.9,220,424,14.4,1073,12119.55
4869,300.9,220,424,14.4,1073,12119.55
4870,300.9,220,424,14.4,1073,12119.55
4871,300.9,220,424,14.4,1073,12119.55
4872,300.9,220,424,14.4,1073,12119.55
4873,300.9,220,424,14.4,1073,12119.55
4874,300.9,220,424,14.4,1073,12119.55
4875,300.9,220,424,14.4,1073,12119.55
4876,300.9,220,424,14.4,1073,12119.55
4877,300.9,220,424,14.4,1073,12119.55
4878,300.9,220,424,14.4,1073,12119.55
4879,300.9,220,424,14.4,1073,12119.55
4880,300.9,220,424,14.4,1073,12119.55
4881,300.9,220,424,14.4,1073,12119.55
4882,300.9,220,424,14.4,1073,12119.55
4883,300.9,220,424,14.4,1073,12119.55
4884,300.9,220,424,14.4,1073,12119.55
4885,300.9,220,424,14.4,1073,12119.55
4886,300.9,220,424,14.4,1073,12119.55
4887,300.9,220,424,14.4,1073,12119.55
4888,300.9,220,424,14.4,1073,12119.55
4889,300.9,220,424,14.4,1073,12119.55
4890,300.9,220,424,14.4,1073,12119.55
4891,300.9,220,424,14.4,1073,12119.55
4892,300.9,220,424,14.4,1073,12119.55
4893,300.9,220,424,14.4,1073,12119.55
4894,300.9,220,424,14.4,1073,12119.55
4895,300.9,220,424,14.4,1073,12119.55
4896,300.9,220,424,14.4,1073,12119.55
4897,300.9,220,424,14.4,1073,12119.55
4898,300.9,220,424,14.4,1073,12119.55
4899,300.9,220,424,14.4,1073,12119.55
4900,300.9,220,424,14.4,1073,12119.55
4901,301.9,192,392,13.36,1086,13829.69
4902,301.9,192,392,13.36,1086,13829.69
4903,301.9,192,392,13.36,1086,13829.69
4904,301.9,192,392,13.36,1086,13829.69
4905,301.9,192,392,13.36,1086,13829.69
4906,301.9,192,392,13.36,1086,13829.69
4907,301.9,192,392,13.36,1086,13829.69
4908,301.9,192,392,13.36,1086,13829.69
4909,301.9,192,392,13.36,1086,13829.69
4910,301.9,192,392,13.36,1086,13829.69
4911,301.9,192,392,13.36,1086,13829.69
4912,301.9,192,392,13.36,1086,13829.69
4913,301.9,192,392,13.36,1086,13829.69
4914,301.9,192,392,13.36,1086,13829.69
4915,301.9,192,392,13.36,1086,13829.69
4916,301.9,192,392,13.36,1086,13829.69
4917,301.9,192,392,13.36,1086,13829.69
4918,301.9,192,392,13.36,1086,13829.69
4919,301.9,192,392,13.36,1086,13829.69
4920,301.9,192,392,13.36,1086,13829.69
4921,301.9,192,392,13.36,1086,13829.69
4922,301.9,192,392,13.36,1086,13829.69
4923,301.9,192,392,13.36,1086,13829.69
4924,301.9,192,392,13.36,1086,13829.69
4925,301.9,192,392,13.36,1086,13829.69
4926,301.9,192,392,13.36,1086,13829.69
4927,301.9,192,392,13.36,1086,13829.69
4928,301.9,192,392,13.36,1086,13829.69
4929,301.9,192,392,13.36,1086,13829.69
4930,301.9,192,392,13.36,1086,13829.69
4931,301.9,192,392,13.36,1086,13829.69
4932,301.9,192,392,13.36,1086,13829.69
4933,301.9,192,392,13.36,1086,13829.69
4934,301.9,192,392,13.36,1086,13829.69
4935,298.2,247,454,14.3,1102,10817.81
4936,298.2,247,454,14.3,1102,10817.81
4937,298.2,247,454,14.3,1102,10817.81
4938,298.2,247,454,14.3,1102,10817.81
4939,298.2,247,454,14.3,1102,10817.81
4940,298.2,247,454,14.3,1102,10817.81
4941,298.2,247,454,14.3,1102,10817.81
4942,298.2,247,454,14.3,1102,10817.81
4943,298.2,247,454,14.3,1102,10817.81
4944,298.2,247,454,14.3,1102,10817.81
4945,298.2,247,454,14.3,1102,10817.81
4946,298.2,247,454,14.3,1102,10817.81
4947,298.2,247,454,14.3,1102,10817.81
4948,298.2,247,454,14.3,1102,10817.81
4949,298.2,247,454,14.3,1102,10817.81
4950,298.2,247,454,14.3,1102,10817.81
4951,298.2,247,454,14.3,1102,10817.81
4952,298.2,247,454,14.3,1102,10817.81
4953,298.2,247,454,14.3,1102,10817.81
4954,298.2,247,454,14.3,1102,10817.81
4955,298.2,247,454,14.3,1102,10817.81
4956,298.2,247,454,14.3,1102,10817.81
4957,298.2,247,454,14.3,1102,10817.81
4958,298.2,247,454,14.3,1102,10817.81
4959,298.2,247,454,14.3,1102,10817.81
4960,298.2,247,454,14.3,1102,10817.81
4961,298.2,247,454,14.3,1102,10817.81
4962,298.2,247,454,14.3,1102,10817.81
4963,298.2,247,454,14.3,1102,10817.81
4964,298.2,247,454,14.3,1102,10817.81
4965,298.2,247,454,14.3,1102,10817.81
4966,298.2,247,454,14.3,1102,10817.81
4967,298.2,247,454,14.3,1102,10817.81
